0.003212 0.011791  311.34   84.81     101  0.40494E+06  0.48576E+06  0.11127E+24  0.22201E+03  0.74112E+04  0.22606E+12  0.98988E+10 -0.673
0.011791 0.016363   84.81   61.11     156  0.19473E+06  0.23131E+06  0.63562E+22  0.12185E+05 -0.23268E+04  0.50154E+11  0.33476E+10  0.285
0.016363 0.019911   61.11   50.22     253  0.16628E+06  0.19250E+06  0.32171E+22 -0.89825E+04 -0.71920E+04  0.32364E+11  0.46927E+10  0.150
0.019911 0.022916   50.22   43.64     241  0.10533E+06  0.11244E+06  0.22821E+21  0.38401E+04  0.21555E+04  0.72038E+10  0.54382E+10 -0.298
0.022916 0.025571   43.64   39.11     300  0.83596E+05  0.92769E+05  0.12260E+21  0.41596E+04  0.75766E+04  0.60532E+10  0.25529E+10 -0.265
0.025571 0.027975   39.11   35.75     337  0.74168E+05  0.85498E+05  0.12046E+21 -0.79705E+04 -0.70144E+04  0.49260E+10  0.23839E+10 -0.091
0.027975 0.030187   35.75   33.13     327  0.64176E+05  0.80518E+05  0.18925E+21  0.38104E+04  0.45729E+04  0.31415E+10  0.33417E+10 -0.245
0.030187 0.032249   33.13   31.01     369  0.43183E+05  0.49370E+05  0.20517E+20 -0.18014E+04  0.15352E+02  0.97535E+09  0.14621E+10 -0.146
0.032249 0.034186   31.01   29.25     436  0.43296E+05  0.55926E+05  0.55032E+20  0.12154E+04 -0.21182E+04  0.86264E+09  0.22651E+10 -0.442
0.034186 0.036020   29.25   27.76     423  0.35922E+05  0.43525E+05  0.14896E+20 -0.10518E+04  0.31346E+04  0.47282E+09  0.14216E+10  0.088
0.036020 0.037764   27.76   26.48     486  0.31891E+05  0.35693E+05  0.32969E+19  0.74804E+03 -0.36486E+04  0.35355E+09  0.92046E+09  0.028
0.037764 0.039431   26.48   25.36     475  0.29580E+05  0.34465E+05  0.35783E+19  0.32248E+03  0.16626E+04  0.39452E+09  0.79328E+09  0.230
0.039431 0.041031   25.36   24.37     462  0.28859E+05  0.31853E+05  0.17368E+19 -0.12251E+04  0.10065E+04  0.33957E+09  0.67502E+09 -0.006
0.041031 0.042570   24.37   23.49     519  0.28582E+05  0.32714E+05  0.23312E+19  0.16127E+03 -0.13555E+04  0.46763E+09  0.60259E+09  0.025
0.042570 0.044056   23.49   22.70     528  0.27392E+05  0.31355E+05  0.20524E+19  0.11142E+04  0.17962E+04  0.42491E+09  0.55825E+09  0.050
0.044056 0.045493   22.70   21.98     505  0.27344E+05  0.32028E+05  0.23313E+19 -0.16330E+04 -0.18507E+04  0.47819E+09  0.54757E+09  0.155
0.045493 0.046887   21.98   21.33     600  0.25561E+05  0.29950E+05  0.18863E+19  0.45681E+02 -0.48923E+03  0.34243E+09  0.55457E+09  0.252
0.046887 0.048240   21.33   20.73     555  0.25602E+05  0.28830E+05  0.13956E+19  0.11026E+04  0.20390E+04  0.39156E+09  0.43962E+09  0.352
0.048240 0.049556   20.73   20.18     636  0.23435E+05  0.26511E+05  0.96508E+18 -0.69569E+03 -0.67484E+03  0.32238E+09  0.38043E+09  0.401
0.049556 0.050838   20.18   19.67     622  0.23833E+05  0.26517E+05  0.88314E+18  0.67206E+03 -0.72399E+03  0.36914E+09  0.33400E+09  0.315
0.050838 0.052088   19.67   19.20     591  0.23763E+05  0.26193E+05  0.81327E+18 -0.58658E+03  0.16851E+04  0.37502E+09  0.31104E+09  0.292
0.052088 0.053310   19.20   18.76     684  0.21688E+05  0.24530E+05  0.66720E+18 -0.13360E+03 -0.13061E+04  0.34238E+09  0.25936E+09  0.172
0.053310 0.054503   18.76   18.35     564  0.20411E+05  0.22650E+05  0.45569E+18  0.10476E+04 -0.50124E+03  0.29299E+09  0.22004E+09  0.183
0.054503 0.055672   18.35   17.96     769  0.21690E+05  0.24137E+05  0.64364E+18 -0.16681E+03  0.11794E+04  0.37233E+09  0.21026E+09 -0.061
0.055672 0.056816   17.96   17.60     576  0.17505E+05  0.19682E+05  0.27506E+18 -0.82038E+03 -0.33985E+03  0.22065E+09  0.16674E+09  0.029
0.056816 0.057937   17.60   17.26     771  0.17694E+05  0.20370E+05  0.41363E+18  0.87218E+03 -0.56555E+03  0.25954E+09  0.15541E+09 -0.051
0.057937 0.059038   17.26   16.94     624  0.18225E+05  0.20709E+05  0.40078E+18 -0.12053E+04  0.86940E+03  0.24568E+09  0.18318E+09 -0.154
0.059038 0.060118   16.94   16.63     847  0.15275E+05  0.17208E+05  0.15891E+18  0.21771E+03  0.84302E+02  0.16929E+09  0.12682E+09 -0.047
0.060118 0.061179   16.63   16.35     686  0.16912E+05  0.18901E+05  0.25472E+18 -0.42541E+03 -0.21411E+04  0.19652E+09  0.16074E+09 -0.024
0.061179 0.062222   16.35   16.07     832  0.16219E+05  0.18065E+05  0.19108E+18  0.10952E+04  0.14304E+04  0.18919E+09  0.13714E+09 -0.130
0.062222 0.063248   16.07   15.81     684  0.16771E+05  0.18535E+05  0.20694E+18 -0.34127E+02  0.55381E+03  0.17727E+09  0.16628E+09 -0.150
0.063248 0.064257   15.81   15.56     726  0.17319E+05  0.19287E+05  0.24317E+18 -0.15240E+04 -0.57431E+03  0.19274E+09  0.17924E+09 -0.029
0.064257 0.065251   15.56   15.33     831  0.17922E+05  0.19694E+05  0.25265E+18 -0.45683E+03 -0.85120E+03  0.21063E+09  0.17721E+09 -0.175
0.065251 0.066230   15.33   15.10     708  0.18115E+05  0.20146E+05  0.30172E+18  0.15651E+04  0.98490E+03  0.20120E+09  0.20465E+09 -0.026
0.066230 0.067195   15.10   14.88     976  0.18459E+05  0.20455E+05  0.30690E+18  0.30653E+03  0.73302E+03  0.23020E+09  0.18822E+09 -0.206
0.067195 0.068146   14.88   14.67     723  0.17943E+05  0.20207E+05  0.33054E+18 -0.12949E+04 -0.12962E+04  0.21533E+09  0.19298E+09  0.010
0.068146 0.069083   14.67   14.48    1002  0.17823E+05  0.20248E+05  0.38178E+18  0.41336E+03 -0.82987E+03  0.23425E+09  0.17573E+09 -0.114
0.069083 0.070009   14.48   14.28     768  0.17792E+05  0.20150E+05  0.34776E+18  0.27179E+03  0.19066E+04  0.23576E+09  0.17025E+09 -0.082
0.070009 0.070922   14.28   14.10     819  0.17370E+05  0.19779E+05  0.32243E+18  0.68365E+03  0.55507E+03  0.22692E+09  0.16430E+09 -0.090
0.070922 0.071824   14.10   13.92     864  0.17238E+05  0.19809E+05  0.34930E+18 -0.37582E+03 -0.12191E+04  0.22687E+09  0.16554E+09 -0.050
0.071824 0.072714   13.92   13.75     874  0.17560E+05  0.20176E+05  0.38150E+18 -0.52937E+03 -0.19715E+03  0.24495E+09  0.16211E+09 -0.031
0.072714 0.073594   13.75   13.59     900  0.17179E+05  0.19552E+05  0.29506E+18 -0.56597E+03  0.21225E+03  0.21397E+09  0.16831E+09 -0.109
0.073594 0.074463   13.59   13.43     867  0.17209E+05  0.19600E+05  0.31296E+18  0.71131E+03  0.16578E+04  0.20067E+09  0.18348E+09 -0.096
0.074463 0.075323   13.43   13.28    1068  0.16487E+05  0.19121E+05  0.31471E+18  0.59421E+03 -0.10670E+04  0.20145E+09  0.16416E+09 -0.020
0.075323 0.076172   13.28   13.13     768  0.17866E+05  0.20664E+05  0.44984E+18  0.12127E+03 -0.33809E+03  0.23246E+09  0.19452E+09 -0.119
0.076172 0.077012   13.13   12.98    1020  0.16960E+05  0.19640E+05  0.39210E+18 -0.15693E+04 -0.32649E+03  0.19515E+09  0.19060E+09 -0.139
0.077012 0.077844   12.98   12.85     921  0.16110E+05  0.18707E+05  0.31070E+18  0.19127E+03  0.14725E+04  0.19148E+09  0.15846E+09 -0.072
0.077844 0.078666   12.85   12.71     928  0.17316E+05  0.20400E+05  0.48101E+18  0.72818E+03 -0.21425E+03  0.23405E+09  0.18211E+09 -0.198
0.078666 0.079480   12.71   12.58     936  0.16918E+05  0.19810E+05  0.47386E+18  0.97936E+03 -0.14724E+04  0.20125E+09  0.19120E+09 -0.111
0.079480 0.080285   12.58   12.46     900  0.17205E+05  0.19994E+05  0.40609E+18 -0.11024E+04  0.40009E+03  0.20339E+09  0.19638E+09 -0.116
0.080285 0.081083   12.46   12.33    1083  0.17184E+05  0.20431E+05  0.52220E+18 -0.15442E+03  0.42571E+02  0.23150E+09  0.18592E+09 -0.182
0.081083 0.081873   12.33   12.21     978  0.17057E+05  0.19970E+05  0.49941E+18  0.19807E+03  0.14065E+04  0.21588E+09  0.18291E+09 -0.136
0.081873 0.082655   12.21   12.10    1044  0.16408E+05  0.19276E+05  0.36544E+18  0.35818E+03 -0.95655E+03  0.22087E+09  0.15069E+09 -0.252
0.082655 0.083430   12.10   11.99     948  0.17284E+05  0.20570E+05  0.52542E+18 -0.28165E+03 -0.26862E+03  0.22520E+09  0.19792E+09 -0.179
0.083430 0.084198   11.99   11.88    1099  0.16506E+05  0.19255E+05  0.38118E+18 -0.14930E+03  0.87834E+02  0.21786E+09  0.15290E+09 -0.103
0.084198 0.084959   11.88   11.77    1092  0.16800E+05  0.19626E+05  0.35823E+18 -0.21854E+03  0.63370E+02  0.21768E+09  0.16750E+09 -0.234
0.084959 0.085713   11.77   11.67     948  0.16440E+05  0.19099E+05  0.37379E+18 -0.10221E+03  0.79086E+03  0.20399E+09  0.16076E+09 -0.250
0.085713 0.086460   11.67   11.57     906  0.16529E+05  0.18969E+05  0.28504E+18  0.75973E+03 -0.10953E+04  0.18115E+09  0.17866E+09 -0.238
0.086460 0.087202   11.57   11.47    1167  0.16417E+05  0.18801E+05  0.26961E+18  0.23642E+03 -0.43237E+03  0.19297E+09  0.16051E+09 -0.206
0.087202 0.087936   11.47   11.37    1044  0.16550E+05  0.19262E+05  0.35720E+18 -0.12828E+04  0.84616E+03  0.21584E+09  0.15517E+09 -0.211
0.087936 0.088665   11.37   11.28    1224  0.17231E+05  0.19465E+05  0.29541E+18  0.12383E+03 -0.76335E+02  0.19304E+09  0.18583E+09 -0.157
0.088665 0.089388   11.28   11.19     952  0.15618E+05  0.17576E+05  0.18719E+18  0.62685E+03  0.27587E+03  0.15777E+09  0.15116E+09 -0.162
0.089388 0.090105   11.19   11.10    1131  0.17470E+05  0.19589E+05  0.30899E+18 -0.45564E+03 -0.22072E+03  0.21856E+09  0.16515E+09 -0.146
0.090105 0.090817   11.10   11.01    1092  0.17261E+05  0.19248E+05  0.25249E+18  0.16885E+04 -0.11346E+03  0.19073E+09  0.17977E+09 -0.160
0.090817 0.091522   11.01   10.93    1302  0.16643E+05  0.18850E+05  0.24178E+18 -0.76115E+03 -0.14508E+03  0.18655E+09  0.16877E+09 -0.078
0.091522 0.092223   10.93   10.84     924  0.17339E+05  0.19443E+05  0.26829E+18 -0.12929E+04  0.62358E+03  0.21163E+09  0.16639E+09 -0.152
0.092223 0.092918   10.84   10.76    1164  0.17751E+05  0.19710E+05  0.26499E+18  0.67464E+03 -0.68248E+03  0.19607E+09  0.19243E+09 -0.075
0.092918 0.093608   10.76   10.68    1035  0.17051E+05  0.19298E+05  0.25630E+18 -0.67800E+03  0.88644E+03  0.19753E+09  0.17488E+09 -0.058
0.093608 0.094293   10.68   10.61    1332  0.17286E+05  0.19283E+05  0.24913E+18  0.97338E+03 -0.86276E+03  0.19651E+09  0.17531E+09 -0.021
0.094293 0.094973   10.61   10.53    1048  0.18344E+05  0.20382E+05  0.30349E+18 -0.31680E+03  0.15057E+04  0.21720E+09  0.19824E+09 -0.034
0.094973 0.095648   10.53   10.45    1170  0.17723E+05  0.19800E+05  0.27097E+18 -0.49733E+02 -0.65354E+03  0.20597E+09  0.18606E+09 -0.005
0.095648 0.096319   10.45   10.38    1056  0.17728E+05  0.20013E+05  0.30054E+18 -0.23772E+03 -0.10534E+03  0.19688E+09  0.20364E+09  0.002
0.096319 0.096985   10.38   10.31    1359  0.17802E+05  0.19947E+05  0.28907E+18  0.35348E+03 -0.74887E+03  0.20992E+09  0.18798E+09  0.066
0.096985 0.097646   10.31   10.24    1152  0.17759E+05  0.19824E+05  0.27844E+18 -0.21612E+03  0.35614E+03  0.22370E+09  0.16930E+09  0.048
0.097646 0.098303   10.24   10.17    1104  0.17150E+05  0.19451E+05  0.28233E+18 -0.39242E+03  0.70151E+03  0.21386E+09  0.16446E+09  0.011
0.098303 0.098955   10.17   10.11    1248  0.17759E+05  0.19569E+05  0.24468E+18  0.51431E+02 -0.18142E+03  0.19722E+09  0.18575E+09  0.042
0.098955 0.099603   10.11   10.04     984  0.17642E+05  0.19878E+05  0.30614E+18  0.14655E+02  0.14915E+04  0.22313E+09  0.17200E+09  0.019
0.099603 0.100248   10.04    9.98    1441  0.16810E+05  0.18899E+05  0.24690E+18  0.58420E+03 -0.98828E+03  0.20087E+09  0.15631E+09  0.013
0.100248 0.100887    9.98    9.91    1152  0.16073E+05  0.18324E+05  0.23068E+18  0.45284E+03 -0.92814E+03  0.17993E+09  0.15585E+09  0.031
0.100887 0.101523    9.91    9.85    1416  0.16638E+05  0.18572E+05  0.22992E+18 -0.10894E+04  0.16230E+03  0.20021E+09  0.14471E+09  0.004
0.101523 0.102155    9.85    9.79    1044  0.16140E+05  0.18168E+05  0.21989E+18 -0.70961E+03  0.59256E+03  0.19728E+09  0.13281E+09 -0.014
0.102155 0.102783    9.79    9.73    1332  0.15568E+05  0.17750E+05  0.21541E+18  0.55309E+03  0.70790E+03  0.16694E+09  0.14813E+09 -0.039
0.102783 0.103407    9.73    9.67    1347  0.15504E+05  0.17395E+05  0.17958E+18  0.35423E+03  0.13422E+03  0.16908E+09  0.13350E+09  0.054
0.103407 0.104028    9.67    9.61    1128  0.14985E+05  0.17154E+05  0.18623E+18  0.80616E+03 -0.18658E+03  0.16807E+09  0.12618E+09 -0.092
0.104028 0.104645    9.61    9.56    1242  0.15097E+05  0.17509E+05  0.21644E+18 -0.17831E+03 -0.11048E+04  0.16671E+09  0.13986E+09 -0.021
0.104645 0.105258    9.56    9.50    1248  0.14062E+05  0.16233E+05  0.15801E+18 -0.42491E+03 -0.26668E+03  0.15005E+09  0.11344E+09  0.009
0.105258 0.105868    9.50    9.45    1396  0.15254E+05  0.17142E+05  0.17577E+18 -0.13775E+04  0.25132E+03  0.15137E+09  0.14247E+09 -0.031
0.105868 0.106474    9.45    9.39    1215  0.16158E+05  0.18227E+05  0.22424E+18  0.93923E+03  0.13530E+04  0.17262E+09  0.15960E+09 -0.019
0.106474 0.107076    9.39    9.34    1560  0.14291E+05  0.16530E+05  0.17401E+18  0.68590E+03 -0.30373E+03  0.15045E+09  0.12277E+09 -0.027
0.107076 0.107676    9.34    9.29    1116  0.14302E+05  0.16198E+05  0.14463E+18  0.11334E+03 -0.15555E+02  0.11877E+09  0.14362E+09  0.029
0.107676 0.108272    9.29    9.24    1452  0.14501E+05  0.16501E+05  0.16386E+18  0.47603E+02 -0.60044E+03  0.13853E+09  0.13376E+09 -0.021
0.108272 0.108864    9.24    9.19    1212  0.15224E+05  0.17184E+05  0.18361E+18 -0.24634E+03  0.27302E+03  0.14713E+09  0.14817E+09  0.062
0.108864 0.109454    9.19    9.14    1245  0.14208E+05  0.16348E+05  0.15842E+18 -0.68214E+02 -0.61303E+03  0.13812E+09  0.12915E+09 -0.025
0.109454 0.110040    9.14    9.09    1452  0.15142E+05  0.17030E+05  0.16760E+18 -0.83092E+03  0.95197E+03  0.13456E+09  0.15546E+09 -0.048
0.110040 0.110624    9.09    9.04    1308  0.13866E+05  0.15891E+05  0.14127E+18  0.33563E+03  0.71388E+03  0.11831E+09  0.13421E+09  0.161
0.110624 0.111204    9.04    8.99    1440  0.14164E+05  0.15816E+05  0.11696E+18  0.90072E+03 -0.11491E+04  0.11934E+09  0.13080E+09  0.023
0.111204 0.111781    8.99    8.95    1396  0.14704E+05  0.16602E+05  0.15127E+18 -0.98484E+02 -0.31797E+03  0.13321E+09  0.14243E+09 -0.081
0.111781 0.112355    8.95    8.90    1248  0.13933E+05  0.15687E+05  0.12073E+18  0.50500E+02  0.32707E+03  0.12118E+09  0.12490E+09  0.055
0.112355 0.112927    8.90    8.86    1299  0.14884E+05  0.16635E+05  0.14920E+18 -0.31821E+03 -0.29267E+03  0.13719E+09  0.13953E+09  0.100
0.112927 0.113495    8.86    8.81    1320  0.13317E+05  0.15060E+05  0.10385E+18 -0.62731E+03  0.59471E+03  0.10956E+09  0.11725E+09 -0.044
0.113495 0.114061    8.81    8.77    1530  0.13676E+05  0.15576E+05  0.12233E+18 -0.19272E+03  0.40043E+03  0.12511E+09  0.11751E+09  0.035
0.114061 0.114624    8.77    8.72    1356  0.13082E+05  0.14631E+05  0.88390E+17  0.97942E+03  0.52366E+03  0.11014E+09  0.10391E+09 -0.008
0.114624 0.115184    8.72    8.68    1296  0.13143E+05  0.14836E+05  0.97151E+17 -0.68479E+03 -0.10166E+04  0.10693E+09  0.11317E+09 -0.025
0.115184 0.115741    8.68    8.64    1371  0.13922E+05  0.15630E+05  0.11690E+18  0.55837E+03 -0.12526E+04  0.13578E+09  0.10853E+09 -0.054
0.115741 0.116296    8.64    8.60    1524  0.13274E+05  0.14961E+05  0.10247E+18 -0.45663E+03  0.77380E+03  0.12123E+09  0.10261E+09  0.010
0.116296 0.116848    8.60    8.56    1512  0.11870E+05  0.13569E+05  0.74287E+17  0.29333E+03 -0.41516E+03  0.90492E+08  0.93616E+08 -0.021
0.116848 0.117397    8.56    8.52    1552  0.12176E+05  0.13720E+05  0.69635E+17 -0.19576E+03  0.86714E+03  0.96104E+08  0.92122E+08 -0.065
0.117397 0.117944    8.52    8.48    1164  0.12708E+05  0.14572E+05  0.95293E+17  0.32166E+02 -0.47464E+03  0.12927E+09  0.83077E+08  0.016
0.117944 0.118488    8.48    8.44    1398  0.12263E+05  0.13763E+05  0.68818E+17  0.48188E+03  0.74637E+03  0.92795E+08  0.96616E+08 -0.024
0.118488 0.119030    8.44    8.40    1599  0.11664E+05  0.13232E+05  0.60754E+17 -0.33809E+03 -0.38916E+03  0.89567E+08  0.85520E+08 -0.065
0.119030 0.119570    8.40    8.36    1356  0.11814E+05  0.13266E+05  0.59513E+17 -0.82734E+02 -0.62270E+03  0.92795E+08  0.83194E+08 -0.006
0.119570 0.120107    8.36    8.33    1536  0.10707E+05  0.12064E+05  0.42757E+17  0.46970E+03 -0.21249E+03  0.72477E+08  0.73061E+08 -0.027
0.120107 0.120641    8.33    8.29    1440  0.11158E+05  0.12599E+05  0.51676E+17 -0.88661E+03  0.10833E+04  0.75455E+08  0.83269E+08 -0.016
0.120641 0.121174    8.29    8.25    1596  0.11249E+05  0.12719E+05  0.51535E+17  0.51363E+03 -0.12933E+03  0.80037E+08  0.81748E+08 -0.053
0.121174 0.121704    8.25    8.22    1572  0.10519E+05  0.11901E+05  0.41045E+17 -0.68572E+02 -0.53348E+03  0.69345E+08  0.72278E+08 -0.057
0.121704 0.122231    8.22    8.18    1239  0.10270E+05  0.11598E+05  0.36095E+17  0.29280E+03  0.63383E+03  0.68996E+08  0.65528E+08 -0.138
0.122231 0.122757    8.18    8.15    1594  0.10063E+05  0.11333E+05  0.34538E+17 -0.42110E+03 -0.32474E+02  0.59980E+08  0.68448E+08 -0.069
0.122757 0.123280    8.15    8.11    1512  0.99614E+04  0.11330E+05  0.32815E+17  0.25116E+03 -0.67031E+03  0.58919E+08  0.69457E+08  0.014
0.123280 0.123801    8.11    8.08    1572  0.95618E+04  0.10823E+05  0.27798E+17 -0.26594E+03 -0.41656E+01  0.57301E+08  0.59835E+08 -0.023
0.123801 0.124319    8.08    8.04    1476  0.94702E+04  0.10717E+05  0.26573E+17  0.53502E+03  0.33696E+03  0.54517E+08  0.60344E+08 -0.109
0.124319 0.124836    8.04    8.01    1476  0.95027E+04  0.10551E+05  0.23478E+17 -0.30638E+03  0.32158E+03  0.53683E+08  0.57638E+08 -0.074
0.124836 0.125350    8.01    7.98    1395  0.92460E+04  0.10463E+05  0.24393E+17  0.29311E+02 -0.32223E+03  0.50840E+08  0.58635E+08  0.050
0.125350 0.125863    7.98    7.95    1764  0.86728E+04  0.99120E+04  0.20890E+17  0.10653E+03 -0.14570E+03  0.43114E+08  0.55135E+08  0.035
0.125863 0.126373    7.95    7.91    1428  0.82587E+04  0.94697E+04  0.17771E+17 -0.30467E+03  0.77139E+03  0.42558E+08  0.47116E+08 -0.122
0.126373 0.126881    7.91    7.88    1560  0.86537E+04  0.98404E+04  0.19784E+17 -0.37139E+02  0.98852E+02  0.45955E+08  0.50878E+08 -0.011
0.126881 0.127387    7.88    7.85    1530  0.86174E+04  0.96141E+04  0.17049E+17  0.43625E+03 -0.64463E+03  0.42670E+08  0.49760E+08  0.012
0.127387 0.127892    7.85    7.82    1392  0.81717E+04  0.91342E+04  0.13369E+17 -0.47119E+03 -0.15544E+03  0.38761E+08  0.44673E+08  0.016
0.127892 0.128394    7.82    7.79    1696  0.83662E+04  0.94737E+04  0.16180E+17  0.19476E+03  0.11729E+03  0.41229E+08  0.48523E+08  0.031
0.128394 0.128894    7.79    7.76    1419  0.77049E+04  0.87529E+04  0.11951E+17  0.14409E+03 -0.64548E+02  0.36556E+08  0.40056E+08 -0.045
0.128894 0.129392    7.76    7.73    1704  0.80423E+04  0.91136E+04  0.13777E+17 -0.32159E+03 -0.38097E+02  0.40744E+08  0.42315E+08 -0.028
0.129392 0.129889    7.73    7.70    1356  0.77656E+04  0.88240E+04  0.12427E+17 -0.79665E+02 -0.33626E+03  0.36866E+08  0.40996E+08  0.016
0.129889 0.130383    7.70    7.67    2016  0.74796E+04  0.85087E+04  0.11117E+17  0.21014E+03  0.54282E+03  0.35268E+08  0.37129E+08  0.026
0.130383 0.130876    7.67    7.64    1440  0.74269E+04  0.83738E+04  0.97649E+16  0.85199E+02 -0.39308E+03  0.33783E+08  0.36337E+08  0.002
0.130876 0.131367    7.64    7.61    1548  0.77416E+04  0.88508E+04  0.12381E+17  0.67685E+02  0.35394E+03  0.38284E+08  0.40052E+08  0.012
0.131367 0.131856    7.61    7.58    1413  0.75851E+04  0.86182E+04  0.10648E+17  0.43486E+02 -0.36780E+03  0.34721E+08  0.39553E+08 -0.033
0.131856 0.132343    7.58    7.56    1764  0.73139E+04  0.83296E+04  0.97741E+16 -0.14595E+03  0.18999E+03  0.35230E+08  0.34153E+08 -0.045
0.132343 0.132828    7.56    7.53    1728  0.72656E+04  0.82293E+04  0.96184E+16 -0.25072E+02 -0.29316E+03  0.30332E+08  0.37390E+08 -0.009
0.132828 0.133312    7.53    7.50    1788  0.72865E+04  0.82837E+04  0.97210E+16 -0.20341E+03  0.15329E+03  0.31145E+08  0.37475E+08 -0.085
0.133312 0.133794    7.50    7.47    1336  0.70054E+04  0.80228E+04  0.87296E+16 -0.42636E+02  0.65195E+02  0.30925E+08  0.33441E+08 -0.003
0.133794 0.134274    7.47    7.45    1579  0.70436E+04  0.79281E+04  0.77649E+16  0.19241E+03  0.24639E+03  0.32508E+08  0.30347E+08  0.024
0.134274 0.134752    7.45    7.42    1793  0.71895E+04  0.81175E+04  0.89602E+16  0.22112E+03 -0.11410E+03  0.32047E+08  0.33848E+08 -0.051
0.134752 0.135229    7.42    7.39    1707  0.70827E+04  0.80809E+04  0.88546E+16 -0.10703E+03 -0.93281E+02  0.28965E+08  0.36337E+08  0.046
0.135229 0.135704    7.39    7.37    1620  0.69578E+04  0.80333E+04  0.92790E+16 -0.10396E+03  0.54200E+02  0.33084E+08  0.31451E+08 -0.181
0.135704 0.136177    7.37    7.34    1560  0.67944E+04  0.76394E+04  0.66816E+16  0.19865E+03 -0.20213E+03  0.25713E+08  0.32647E+08 -0.037
0.136177 0.136649    7.34    7.32    1578  0.68567E+04  0.78898E+04  0.90313E+16 -0.13080E+03 -0.18061E+03  0.30282E+08  0.31966E+08 -0.055
0.136649 0.137119    7.32    7.29    1764  0.63560E+04  0.72731E+04  0.61888E+16  0.82144E+02  0.60267E+02  0.24174E+08  0.28725E+08 -0.003
0.137119 0.137588    7.29    7.27    1740  0.64489E+04  0.74085E+04  0.66848E+16 -0.16053E+03  0.71175E+02  0.28164E+08  0.26722E+08 -0.044
0.137588 0.138055    7.27    7.24    1596  0.61595E+04  0.71090E+04  0.55512E+16  0.84036E+02  0.25571E+02  0.27090E+08  0.23448E+08 -0.048
0.138055 0.138520    7.24    7.22    1671  0.62542E+04  0.71818E+04  0.62154E+16  0.94466E+01  0.33074E+03  0.25262E+08  0.26317E+08 -0.025
0.138520 0.138984    7.22    7.20    1764  0.60620E+04  0.68851E+04  0.47189E+16  0.37192E+02 -0.67226E+02  0.23019E+08  0.24385E+08 -0.073
0.138984 0.139446    7.20    7.17    1816  0.58620E+04  0.67538E+04  0.48925E+16  0.57676E+02  0.61958E+02  0.21907E+08  0.23707E+08 -0.061
0.139446 0.139907    7.17    7.15    1632  0.59439E+04  0.67970E+04  0.48061E+16 -0.33667E+03 -0.75674E+02  0.22990E+08  0.23209E+08 -0.027
0.139907 0.140366    7.15    7.12    1620  0.58168E+04  0.66820E+04  0.44529E+16  0.32472E+03 -0.14841E+02  0.24147E+08  0.20502E+08 -0.032
0.140366 0.140824    7.12    7.10    1440  0.58304E+04  0.66994E+04  0.42820E+16  0.14613E+03 -0.19852E+03  0.23742E+08  0.21140E+08 -0.009
0.140824 0.141280    7.10    7.08    1878  0.53866E+04  0.61428E+04  0.30932E+16 -0.20711E+03 -0.53067E+02  0.19661E+08  0.18073E+08 -0.046
0.141280 0.141735    7.08    7.06    1683  0.58523E+04  0.66306E+04  0.40552E+16 -0.14088E+03 -0.51639E+00  0.21873E+08  0.22092E+08 -0.059
0.141735 0.142188    7.06    7.03    1920  0.56676E+04  0.64327E+04  0.35828E+16 -0.15490E+03  0.45010E+02  0.20932E+08  0.20448E+08 -0.037
0.142188 0.142640    7.03    7.01    1740  0.56334E+04  0.62845E+04  0.29334E+16  0.84017E+02  0.15490E+03  0.21859E+08  0.17636E+08 -0.041
0.142640 0.143091    7.01    6.99    1704  0.55408E+04  0.62392E+04  0.28897E+16  0.19946E+03 -0.14075E+03  0.21131E+08  0.17796E+08 -0.087
0.143091 0.143540    6.99    6.97    1800  0.53811E+04  0.61099E+04  0.30092E+16  0.19505E+02  0.15522E+03  0.20290E+08  0.17040E+08  0.024
0.143540 0.143987    6.97    6.95    1716  0.54229E+04  0.61511E+04  0.29602E+16  0.19635E+03 -0.20048E+03  0.18278E+08  0.19558E+08 -0.087
0.143987 0.144434    6.95    6.92    1560  0.53779E+04  0.60825E+04  0.28268E+16 -0.81422E+02  0.26254E+01  0.19810E+08  0.17186E+08  0.051
0.144434 0.144878    6.92    6.90    1807  0.53808E+04  0.60330E+04  0.26629E+16  0.34047E+03 -0.18457E+03  0.19188E+08  0.17208E+08  0.005
0.144878 0.145322    6.90    6.88    1992  0.52269E+04  0.58680E+04  0.22785E+16 -0.31731E+03  0.18761E+03  0.18531E+08  0.15902E+08  0.003
0.145322 0.145764    6.88    6.86    1794  0.53372E+04  0.60721E+04  0.28096E+16 -0.40803E+03  0.12472E+03  0.19586E+08  0.17284E+08 -0.013
0.145764 0.146205    6.86    6.84    2040  0.51703E+04  0.58430E+04  0.24074E+16 -0.74534E+02  0.77390E+02  0.16515E+08  0.17626E+08  0.030
0.146205 0.146644    6.84    6.82    1452  0.52392E+04  0.58862E+04  0.23606E+16  0.23772E+03 -0.20161E+03  0.19609E+08  0.15038E+08  0.022
0.146644 0.147083    6.82    6.80    1836  0.51214E+04  0.57885E+04  0.21391E+16  0.49274E+02  0.23858E+03  0.17411E+08  0.16096E+08  0.047
0.147083 0.147520    6.80    6.78    1836  0.52925E+04  0.59741E+04  0.26516E+16  0.96155E+02 -0.12801E+03  0.19223E+08  0.16467E+08  0.024
0.147520 0.147955    6.78    6.76    1395  0.49716E+04  0.56383E+04  0.19770E+16 -0.73864E+02 -0.15137E+03  0.16227E+08  0.15564E+08 -0.081
0.147955 0.148389    6.76    6.74    2076  0.52445E+04  0.58958E+04  0.23822E+16  0.23615E+03  0.62294E+02  0.19328E+08  0.15433E+08 -0.026
0.148389 0.148823    6.74    6.72    1836  0.50974E+04  0.57265E+04  0.20936E+16 -0.11459E+03 -0.21075E+03  0.15624E+08  0.17169E+08  0.062
0.148823 0.149254    6.72    6.70    1956  0.50864E+04  0.56857E+04  0.19295E+16 -0.10687E+03  0.33593E+03  0.16306E+08  0.16022E+08 -0.022
0.149254 0.149685    6.70    6.68    1752  0.49157E+04  0.54822E+04  0.17283E+16 -0.21432E+03 -0.13992E+03  0.16141E+08  0.13913E+08  0.027
0.149685 0.150114    6.68    6.66    1854  0.50398E+04  0.56795E+04  0.20472E+16  0.26577E+03 -0.10051E+03  0.14984E+08  0.17273E+08 -0.052
0.150114 0.150542    6.66    6.64    1624  0.46235E+04  0.51684E+04  0.13563E+16 -0.10107E+03 -0.83981E+02  0.14478E+08  0.12234E+08  0.019
0.150542 0.150969    6.64    6.62    1848  0.47767E+04  0.52838E+04  0.13987E+16  0.93240E+02 -0.73526E+02  0.14332E+08  0.13587E+08 -0.047
0.150969 0.151395    6.62    6.61    2055  0.49161E+04  0.54182E+04  0.14963E+16  0.62814E+02  0.12258E+03  0.15691E+08  0.13665E+08 -0.049
0.151395 0.151819    6.61    6.59    1836  0.46359E+04  0.52401E+04  0.14762E+16  0.47223E+02 -0.31422E+03  0.13868E+08  0.13590E+08 -0.053
0.151819 0.152243    6.59    6.57    1476  0.44870E+04  0.50525E+04  0.12840E+16 -0.12275E+02  0.95994E+02  0.13126E+08  0.12401E+08 -0.067
0.152243 0.152665    6.57    6.55    2124  0.46570E+04  0.52002E+04  0.13979E+16 -0.49784E+02  0.31281E+03  0.12897E+08  0.14146E+08 -0.040
0.152665 0.153086    6.55    6.53    1968  0.43601E+04  0.49048E+04  0.11750E+16 -0.68863E+02  0.10025E+03  0.11790E+08  0.12267E+08 -0.048
0.153086 0.153506    6.53    6.51    1608  0.44064E+04  0.49002E+04  0.10701E+16 -0.27163E+03  0.19993E+03  0.12292E+08  0.11720E+08 -0.044
0.153506 0.153924    6.51    6.50    2184  0.43040E+04  0.47902E+04  0.95963E+15  0.18131E+03  0.16764E+02  0.11148E+08  0.11798E+08 -0.026
0.153924 0.154342    6.50    6.48    1587  0.42267E+04  0.47359E+04  0.96137E+15 -0.17448E+03 -0.11079E+02  0.11252E+08  0.11177E+08 -0.100
0.154342 0.154758    6.48    6.46    1962  0.43563E+04  0.49032E+04  0.11667E+16  0.28056E+02 -0.28565E+03  0.12739E+08  0.11303E+08 -0.067
0.154758 0.155173    6.46    6.44    2052  0.39979E+04  0.44959E+04  0.82609E+15  0.18487E+03 -0.23860E+03  0.11188E+08  0.90254E+07 -0.052
0.155173 0.155588    6.44    6.43    1812  0.42269E+04  0.48122E+04  0.11819E+16  0.16644E+03 -0.21634E+03  0.10484E+08  0.12673E+08 -0.131
0.155588 0.156001    6.43    6.41    1888  0.40066E+04  0.45105E+04  0.80808E+15  0.75173E+02  0.20510E+02  0.10027E+08  0.10318E+08  0.021
0.156001 0.156413    6.41    6.39    1992  0.40805E+04  0.45801E+04  0.88608E+15 -0.17216E+03  0.14102E+03  0.98324E+07  0.11145E+08 -0.050
0.156413 0.156824    6.39    6.38    1836  0.41580E+04  0.47008E+04  0.10212E+16 -0.22619E+03  0.28542E+03  0.10793E+08  0.11304E+08  0.044
0.156824 0.157233    6.38    6.36    2160  0.40690E+04  0.46017E+04  0.91511E+15 -0.45573E+02  0.11481E+03  0.11099E+08  0.10077E+08 -0.064
0.157233 0.157642    6.36    6.34    1719  0.40882E+04  0.46158E+04  0.90684E+15 -0.69747E+02  0.43941E+01  0.11453E+08  0.98531E+07 -0.067
0.157642 0.158050    6.34    6.33    1848  0.39340E+04  0.44428E+04  0.77528E+15  0.16809E+03  0.10137E+03  0.10387E+08  0.93508E+07 -0.004
0.158050 0.158456    6.33    6.31    2052  0.41913E+04  0.47664E+04  0.10858E+16  0.16986E+02 -0.21978E+03  0.11318E+08  0.11401E+08 -0.104
0.158456 0.158862    6.31    6.29    1896  0.41784E+04  0.47399E+04  0.11155E+16  0.15511E+03 -0.54432E+00  0.10947E+08  0.11519E+08 -0.096
0.158862 0.159267    6.29    6.28    1914  0.41310E+04  0.46454E+04  0.10275E+16  0.94186E+02 -0.33250E+03  0.10448E+08  0.11132E+08 -0.033
0.159267 0.159670    6.28    6.26    1692  0.41124E+04  0.46170E+04  0.88241E+15  0.60035E+01 -0.22805E+03  0.10744E+08  0.10573E+08  0.003
0.159670 0.160073    6.26    6.25    2184  0.41653E+04  0.46981E+04  0.98221E+15 -0.11538E+03  0.33076E+03  0.10625E+08  0.11447E+08  0.041
0.160073 0.160474    6.25    6.23    1908  0.41054E+04  0.46254E+04  0.92930E+15 -0.21927E+03  0.11570E+03  0.96019E+07  0.11793E+08 -0.050
0.160474 0.160875    6.23    6.22    2055  0.41468E+04  0.47377E+04  0.11679E+16 -0.17603E+03  0.11167E+03  0.12451E+08  0.99949E+07  0.055
0.160875 0.161274    6.22    6.20    1776  0.39934E+04  0.45371E+04  0.86300E+15  0.26023E+03  0.16832E+03  0.10460E+08  0.10125E+08 -0.046
0.161274 0.161673    6.20    6.19    2188  0.41187E+04  0.46654E+04  0.10577E+16  0.10910E+03 -0.21863E+03  0.11145E+08  0.10622E+08 -0.022
0.161673 0.162070    6.19    6.17    1824  0.39448E+04  0.44558E+04  0.77470E+15 -0.45487E+02  0.76196E+01  0.96086E+07  0.10246E+08  0.047
0.162070 0.162467    6.17    6.16    2016  0.41054E+04  0.46546E+04  0.10169E+16 -0.25026E+02 -0.31109E+02  0.10552E+08  0.11114E+08 -0.063
0.162467 0.162863    6.16    6.14    1860  0.39926E+04  0.44824E+04  0.77926E+15  0.28257E+02 -0.12130E+03  0.92221E+07  0.10870E+08 -0.033
0.162863 0.163257    6.14    6.13    2160  0.40063E+04  0.45642E+04  0.94043E+15  0.15211E+03  0.16087E+03  0.99203E+07  0.10912E+08 -0.023
0.163257 0.163651    6.13    6.11    1602  0.40804E+04  0.46103E+04  0.94493E+15  0.17727E+02 -0.24295E+03  0.94808E+07  0.11774E+08 -0.002
0.163651 0.164044    6.11    6.10    2379  0.41080E+04  0.46169E+04  0.89606E+15 -0.13001E+03  0.11044E+03  0.10755E+08  0.10561E+08 -0.106
0.164044 0.164436    6.10    6.08    2076  0.39017E+04  0.44499E+04  0.84097E+15 -0.94482E+02 -0.35810E+00  0.93079E+07  0.10494E+08  0.035
0.164436 0.164827    6.08    6.07    2028  0.40425E+04  0.45863E+04  0.92484E+15  0.51032E+01  0.22027E+03  0.10333E+08  0.10701E+08 -0.022
0.164827 0.165217    6.07    6.05    1776  0.39803E+04  0.44656E+04  0.81206E+15  0.74382E+01 -0.81552E+02  0.92180E+07  0.10724E+08 -0.037
0.165217 0.165606    6.05    6.04    2040  0.38977E+04  0.43558E+04  0.70741E+15  0.20064E+03 -0.15970E+03  0.93155E+07  0.96578E+07 -0.130
0.165606 0.165994    6.04    6.02    2052  0.39758E+04  0.44236E+04  0.73662E+15 -0.12242E+03 -0.10145E+03  0.90996E+07  0.10469E+08 -0.111
0.165994 0.166381    6.02    6.01    1896  0.38911E+04  0.44203E+04  0.77441E+15 -0.10103E+03 -0.63967E+02  0.89216E+07  0.10617E+08 -0.060
0.166381 0.166767    6.01    6.00    2148  0.39032E+04  0.43775E+04  0.68322E+15  0.56515E+02  0.25136E+03  0.88069E+07  0.10356E+08  0.038
0.166767 0.167153    6.00    5.98    2131  0.41085E+04  0.45941E+04  0.85843E+15  0.17833E+03 -0.15355E+03  0.10607E+08  0.10499E+08 -0.031
0.167153 0.167537    5.98    5.97    2088  0.41493E+04  0.46932E+04  0.99487E+15 -0.85887E+02 -0.15305E+03  0.10171E+08  0.11855E+08 -0.155
0.167537 0.167921    5.97    5.96    2100  0.41185E+04  0.46331E+04  0.88016E+15 -0.25699E+03  0.14142E+03  0.10647E+08  0.10819E+08 -0.059
0.167921 0.168304    5.96    5.94    1746  0.38334E+04  0.42561E+04  0.58641E+15 -0.20857E+03  0.11391E+03  0.93131E+07  0.88010E+07 -0.069
0.168304 0.168686    5.94    5.93    2292  0.40284E+04  0.45541E+04  0.91342E+15  0.19331E+03  0.94853E+02  0.10059E+08  0.10681E+08 -0.018
0.168686 0.169067    5.93    5.91    1896  0.39014E+04  0.43635E+04  0.69012E+15  0.11283E+03 -0.84738E+02  0.90230E+07  0.10017E+08 -0.040
0.169067 0.169447    5.91    5.90    2028  0.42120E+04  0.47301E+04  0.10010E+16  0.20965E+03 -0.44870E+02  0.10283E+08  0.12091E+08 -0.032
0.169447 0.169826    5.90    5.89    2376  0.39018E+04  0.43933E+04  0.75477E+15  0.22698E+02  0.71324E+01  0.97415E+07  0.95597E+07 -0.072
0.169826 0.170205    5.89    5.88    1884  0.39412E+04  0.44361E+04  0.75384E+15 -0.33653E+03  0.88903E+02  0.96741E+07  0.10005E+08 -0.014
0.170205 0.170583    5.88    5.86    1755  0.39929E+04  0.45613E+04  0.93728E+15  0.26841E+03  0.27873E+02  0.10377E+08  0.10429E+08 -0.133
0.170583 0.170959    5.86    5.85    2424  0.41068E+04  0.46752E+04  0.10007E+16  0.53172E+02 -0.46081E+02  0.10779E+08  0.11078E+08 -0.035
0.170959 0.171335    5.85    5.84    2076  0.40990E+04  0.46305E+04  0.90877E+15 -0.66748E+02 -0.66983E+02  0.10569E+08  0.10872E+08  0.050
0.171335 0.171711    5.84    5.82    2088  0.39661E+04  0.45081E+04  0.89130E+15 -0.17625E+03  0.14337E+03  0.10485E+08  0.98378E+07  0.003
0.171711 0.172085    5.82    5.81    2076  0.40885E+04  0.45970E+04  0.92312E+15 -0.16174E+03  0.52758E+02  0.11032E+08  0.10100E+08 -0.027
0.172085 0.172459    5.81    5.80    1812  0.37909E+04  0.42869E+04  0.69562E+15 -0.89063E+02 -0.10094E+03  0.91235E+07  0.92538E+07 -0.068
0.172459 0.172831    5.80    5.79    2350  0.38871E+04  0.44329E+04  0.84544E+15  0.31601E+03 -0.12259E+03  0.98767E+07  0.97741E+07 -0.133
0.172831 0.173203    5.79    5.77    2016  0.39289E+04  0.44880E+04  0.86795E+15  0.15089E+03 -0.10258E+03  0.10298E+08  0.98434E+07  0.022
0.173203 0.173574    5.77    5.76    2163  0.39687E+04  0.44773E+04  0.79968E+15  0.10822E+03  0.23281E+02  0.98094E+07  0.10237E+08 -0.021
0.173574 0.173945    5.76    5.75    2208  0.39636E+04  0.44893E+04  0.82673E+15 -0.10202E+03  0.21125E+01  0.10212E+08  0.99422E+07 -0.156
0.173945 0.174314    5.75    5.74    2196  0.38923E+04  0.43887E+04  0.73520E+15 -0.56660E+02  0.26726E+02  0.93427E+07  0.99184E+07  0.022
0.174314 0.174683    5.74    5.72    2148  0.39359E+04  0.44649E+04  0.84941E+15 -0.68397E+02 -0.12209E+03  0.10626E+08  0.93093E+07 -0.124
0.174683 0.175051    5.72    5.71    2136  0.39806E+04  0.45182E+04  0.84888E+15 -0.12071E+03  0.45096E+02  0.10928E+08  0.94865E+07 -0.115
0.175051 0.175418    5.71    5.70    1896  0.37923E+04  0.43046E+04  0.74842E+15 -0.44985E+03  0.23781E+03  0.10044E+08  0.84861E+07 -0.202
0.175418 0.175785    5.70    5.69    2112  0.39156E+04  0.44597E+04  0.84008E+15  0.38480E+01 -0.16007E+02  0.10396E+08  0.94926E+07 -0.136
0.175785 0.176151    5.69    5.68    2088  0.38716E+04  0.43363E+04  0.66593E+15  0.20888E+03 -0.13033E+02  0.97647E+07  0.90389E+07 -0.177
0.176151 0.176516    5.68    5.67    2436  0.38809E+04  0.43778E+04  0.72691E+15  0.97874E+02  0.44416E+02  0.10425E+08  0.87398E+07 -0.164
0.176516 0.176880    5.67    5.65    1947  0.39221E+04  0.43889E+04  0.69064E+15  0.51299E+03 -0.55883E+02  0.11250E+08  0.80127E+07 -0.171
0.176880 0.177243    5.65    5.64    2358  0.38055E+04  0.43101E+04  0.73987E+15 -0.35815E+02 -0.16125E+03  0.97055E+07  0.88714E+07 -0.145
0.177243 0.177606    5.64    5.63    2280  0.39138E+04  0.44297E+04  0.79317E+15 -0.90889E+02  0.49008E+02  0.10290E+08  0.93325E+07 -0.126
0.177606 0.177968    5.63    5.62    2124  0.38301E+04  0.44004E+04  0.79783E+15 -0.35476E+02  0.70313E+02  0.10300E+08  0.90637E+07 -0.102
0.177968 0.178329    5.62    5.61    1960  0.39400E+04  0.44621E+04  0.80087E+15 -0.33792E+02  0.46969E+02  0.11415E+08  0.84953E+07 -0.181
0.178329 0.178690    5.61    5.60    2376  0.41065E+04  0.46151E+04  0.88391E+15 -0.72093E+02  0.89735E+02  0.11251E+08  0.10049E+08 -0.128
0.178690 0.179049    5.60    5.59    1992  0.38876E+04  0.43826E+04  0.71478E+15 -0.77757E+02  0.90969E+01  0.10762E+08  0.84448E+07 -0.215
0.179049 0.179409    5.59    5.57    2292  0.39157E+04  0.44355E+04  0.75301E+15  0.12299E+02  0.13322E+02  0.97692E+07  0.99048E+07 -0.072
0.179409 0.179767    5.57    5.56    2016  0.39272E+04  0.44391E+04  0.77997E+15 -0.13404E+03 -0.60288E+02  0.95668E+07  0.10139E+08 -0.143
0.179767 0.180125    5.56    5.55    2379  0.39581E+04  0.44719E+04  0.77291E+15  0.18698E+03  0.49738E+02  0.10272E+08  0.97258E+07 -0.063
0.180125 0.180481    5.55    5.54    2268  0.40317E+04  0.45405E+04  0.82066E+15 -0.10041E+03 -0.15784E+03  0.10360E+08  0.10256E+08 -0.084
0.180481 0.180838    5.54    5.53    1992  0.38105E+04  0.43147E+04  0.70067E+15  0.80426E+01  0.21911E+02  0.97707E+07  0.88458E+07 -0.072
0.180838 0.181193    5.53    5.52    2352  0.39264E+04  0.44032E+04  0.75891E+15  0.15422E+03 -0.13227E+03  0.96766E+07  0.97111E+07 -0.045
0.181193 0.181548    5.52    5.51    2076  0.41163E+04  0.46285E+04  0.88286E+15 -0.23636E+03  0.20425E+03  0.11904E+08  0.95195E+07 -0.007
0.181548 0.181902    5.51    5.50    2178  0.39812E+04  0.44972E+04  0.81024E+15  0.91038E+02  0.53697E+02  0.10399E+08  0.98249E+07 -0.059
0.181902 0.182256    5.50    5.49    2076  0.38983E+04  0.43991E+04  0.72344E+15  0.47773E+01  0.77858E+01  0.99184E+07  0.94335E+07 -0.104
0.182256 0.182608    5.49    5.48    2448  0.39775E+04  0.44871E+04  0.80958E+15  0.27253E+01  0.49787E+02  0.10968E+08  0.91661E+07 -0.011
0.182608 0.182960    5.48    5.47    2148  0.40053E+04  0.44987E+04  0.78378E+15 -0.22179E+03 -0.23885E+03  0.10747E+08  0.94919E+07  0.024
0.182960 0.183312    5.47    5.46    2655  0.40017E+04  0.45473E+04  0.85905E+15 -0.49394E+02  0.26800E+02  0.10736E+08  0.99425E+07  0.005
0.183312 0.183663    5.46    5.44    1776  0.40023E+04  0.44692E+04  0.77369E+15  0.24783E+03 -0.21408E+03  0.95544E+07  0.10419E+08  0.015
0.183663 0.184013    5.44    5.43    2152  0.40121E+04  0.45600E+04  0.93451E+15 -0.53629E+02  0.39814E+02  0.10369E+08  0.10424E+08 -0.108
0.184013 0.184362    5.43    5.42    2640  0.41567E+04  0.47266E+04  0.10401E+16  0.19867E+03 -0.80865E+00  0.12449E+08  0.98917E+07 -0.059
0.184362 0.184711    5.42    5.41    2160  0.40886E+04  0.46414E+04  0.91627E+15 -0.49341E+01 -0.66431E+02  0.11569E+08  0.99732E+07 -0.030
0.184711 0.185059    5.41    5.40    2148  0.42667E+04  0.48444E+04  0.11947E+16 -0.13541E+03 -0.11467E+03  0.12241E+08  0.11227E+08 -0.038
0.185059 0.185406    5.40    5.39    1848  0.43666E+04  0.49100E+04  0.11223E+16  0.30109E+03  0.41744E+03  0.12793E+08  0.11315E+08 -0.006
0.185406 0.185753    5.39    5.38    2868  0.41912E+04  0.47660E+04  0.10838E+16 -0.10025E+03  0.18793E+03  0.11523E+08  0.11192E+08 -0.055
0.185753 0.186099    5.38    5.37    1956  0.42266E+04  0.47600E+04  0.10283E+16  0.27234E+03 -0.99935E+02  0.10897E+08  0.11760E+08 -0.027
0.186099 0.186445    5.37    5.36    2553  0.41988E+04  0.47586E+04  0.10805E+16 -0.32787E+03  0.78071E+02  0.11486E+08  0.11158E+08 -0.089
0.186445 0.186789    5.36    5.35    2040  0.42847E+04  0.48255E+04  0.11013E+16 -0.53934E+02  0.16864E+03  0.12144E+08  0.11141E+08 -0.039
0.186789 0.187134    5.35    5.34    2244  0.41992E+04  0.47425E+04  0.10294E+16 -0.11810E+02 -0.81834E+02  0.12584E+08  0.99074E+07 -0.042
0.187134 0.187477    5.34    5.33    2592  0.43531E+04  0.49048E+04  0.12049E+16 -0.17769E+03 -0.23138E+03  0.13063E+08  0.10994E+08 -0.079
0.187477 0.187820    5.33    5.32    2172  0.43413E+04  0.49256E+04  0.12086E+16  0.36197E+02 -0.19257E+02  0.12756E+08  0.11505E+08 -0.081
0.187820 0.188163    5.32    5.31    2112  0.42898E+04  0.48914E+04  0.12344E+16 -0.48260E+02 -0.45571E+02  0.12349E+08  0.11576E+08 -0.106
0.188163 0.188504    5.31    5.30    2292  0.42698E+04  0.48477E+04  0.11786E+16  0.24017E+03 -0.18346E+03  0.11395E+08  0.12105E+08 -0.130
0.188504 0.188845    5.30    5.30    2388  0.41844E+04  0.47642E+04  0.10792E+16  0.35919E+02  0.25385E+03  0.11066E+08  0.11631E+08 -0.029
0.188845 0.189186    5.30    5.29    2376  0.41657E+04  0.48024E+04  0.12420E+16  0.21524E+03 -0.21156E+03  0.11913E+08  0.11150E+08 -0.061
0.189186 0.189526    5.29    5.28    2296  0.43082E+04  0.48855E+04  0.12267E+16  0.12497E+02 -0.20727E+02  0.11290E+08  0.12577E+08 -0.089
0.189526 0.189865    5.28    5.27    2343  0.42307E+04  0.48219E+04  0.12095E+16 -0.11555E+03  0.76769E+02  0.12778E+08  0.10473E+08 -0.083
0.189865 0.190204    5.27    5.26    2100  0.42811E+04  0.48975E+04  0.12222E+16  0.39285E+02  0.75276E+02  0.13185E+08  0.10801E+08 -0.172
0.190204 0.190542    5.26    5.25    2592  0.43639E+04  0.49437E+04  0.13354E+16  0.98533E+02  0.93854E+02  0.12497E+08  0.11943E+08 -0.089
0.190542 0.190879    5.25    5.24    1998  0.41829E+04  0.47836E+04  0.11623E+16 -0.29061E+03  0.11743E+03  0.11527E+08  0.11356E+08 -0.111
0.190879 0.191216    5.24    5.23    2436  0.42563E+04  0.48445E+04  0.11636E+16 -0.81487E+02  0.22215E+02  0.12772E+08  0.10697E+08 -0.078
0.191216 0.191552    5.23    5.22    2208  0.41690E+04  0.47725E+04  0.11995E+16 -0.25395E+02 -0.34492E+03  0.11659E+08  0.11118E+08  0.057
0.191552 0.191888    5.22    5.21    2472  0.41093E+04  0.46882E+04  0.10595E+16  0.64082E+02  0.37690E+02  0.11301E+08  0.10678E+08 -0.110
0.191888 0.192223    5.21    5.20    2520  0.41874E+04  0.47582E+04  0.10958E+16 -0.19580E+03  0.33119E+02  0.11221E+08  0.11419E+08 -0.111
0.192223 0.192557    5.20    5.19    2292  0.42189E+04  0.47789E+04  0.10691E+16  0.35876E+03  0.12886E+02  0.11505E+08  0.11332E+08 -0.060
0.192557 0.192891    5.19    5.18    2043  0.42261E+04  0.48335E+04  0.12788E+16 -0.17902E+03 -0.87999E+02  0.12401E+08  0.10962E+08 -0.029
0.192891 0.193225    5.18    5.18    2400  0.42154E+04  0.47608E+04  0.10890E+16  0.34143E+02 -0.12211E+01  0.11207E+08  0.11458E+08 -0.028
0.193225 0.193557    5.18    5.17    2628  0.42394E+04  0.48449E+04  0.11928E+16  0.12240E+03  0.15620E+03  0.11341E+08  0.12132E+08 -0.046
0.193557 0.193890    5.17    5.16    2124  0.43371E+04  0.48411E+04  0.10546E+16  0.11162E+02  0.12147E+03  0.11601E+08  0.11836E+08 -0.123
0.193890 0.194221    5.16    5.15    2640  0.42451E+04  0.48531E+04  0.12260E+16 -0.75574E+02  0.11612E+03  0.10993E+08  0.12560E+08 -0.041
0.194221 0.194552    5.15    5.14    2352  0.41793E+04  0.47245E+04  0.10323E+16  0.24440E+02 -0.40581E+02  0.10434E+08  0.11887E+08  0.002
0.194552 0.194883    5.14    5.13    2224  0.42041E+04  0.47973E+04  0.11307E+16 -0.16358E+03 -0.15866E+03  0.10577E+08  0.12437E+08 -0.080
0.194883 0.195213    5.13    5.12    2580  0.42832E+04  0.48189E+04  0.10922E+16  0.93118E+02 -0.96102E+02  0.11157E+08  0.12064E+08 -0.022
0.195213 0.195542    5.12    5.11    2214  0.43591E+04  0.49001E+04  0.11353E+16 -0.24635E+03 -0.33938E+01  0.10694E+08  0.13317E+08 -0.045
0.195542 0.195871    5.11    5.11    2352  0.42453E+04  0.48396E+04  0.11677E+16  0.13758E+02 -0.94739E+02  0.11068E+08  0.12355E+08 -0.032
0.195871 0.196199    5.11    5.10    2439  0.43199E+04  0.48910E+04  0.11701E+16  0.37584E+03  0.88025E+02  0.11516E+08  0.12406E+08 -0.002
0.196199 0.196527    5.10    5.09    2328  0.43413E+04  0.49604E+04  0.13450E+16  0.26473E+02 -0.21929E+03  0.11794E+08  0.12812E+08  0.031
0.196527 0.196854    5.09    5.08    2232  0.41846E+04  0.47949E+04  0.12597E+16  0.12815E+03  0.14236E+03  0.10333E+08  0.12658E+08 -0.070
0.196854 0.197181    5.08    5.07    2772  0.43003E+04  0.48592E+04  0.11885E+16 -0.21804E+03  0.59865E+01  0.10959E+08  0.12652E+08 -0.027
0.197181 0.197507    5.07    5.06    2208  0.43563E+04  0.49334E+04  0.12258E+16 -0.17693E+03 -0.75065E+02  0.11776E+08  0.12563E+08 -0.057
0.197507 0.197833    5.06    5.05    2604  0.43036E+04  0.48742E+04  0.11807E+16  0.23951E+03  0.16743E+03  0.10924E+08  0.12834E+08 -0.016
0.197833 0.198158    5.05    5.05    2184  0.42344E+04  0.48061E+04  0.11376E+16  0.11968E+03  0.68521E+02  0.10501E+08  0.12598E+08 -0.016
0.198158 0.198482    5.05    5.04    2472  0.43064E+04  0.48692E+04  0.11389E+16 -0.14212E+03  0.14391E+03  0.11940E+08  0.11769E+08 -0.004
0.198482 0.198806    5.04    5.03    2640  0.41904E+04  0.47940E+04  0.11218E+16 -0.61563E+02 -0.19599E+03  0.11350E+08  0.11632E+08  0.074
0.198806 0.199129    5.03    5.02    2016  0.43590E+04  0.49941E+04  0.14057E+16 -0.13262E+03  0.73312E+02  0.11982E+08  0.12959E+08  0.026
0.199129 0.199452    5.02    5.01    2667  0.43437E+04  0.49154E+04  0.11815E+16  0.88073E+02 -0.12428E+03  0.12564E+08  0.11597E+08  0.066
0.199452 0.199775    5.01    5.01    2160  0.42525E+04  0.48001E+04  0.10412E+16 -0.83650E+02  0.21975E+03  0.10560E+08  0.12481E+08 -0.044
0.199775 0.200097    5.01    5.00    2658  0.43662E+04  0.49802E+04  0.13097E+16 -0.11819E+03 -0.15315E+03  0.12635E+08  0.12167E+08  0.020
0.200097 0.200418    5.00    4.99    2128  0.45488E+04  0.50768E+04  0.13243E+16  0.70023E+02  0.73901E+02  0.12865E+08  0.12910E+08 -0.015
0.200418 0.200739    4.99    4.98    3036  0.42709E+04  0.48842E+04  0.12092E+16 -0.42444E+02 -0.12747E+03  0.12353E+08  0.11503E+08  0.001
0.200739 0.201059    4.98    4.97    2280  0.43945E+04  0.49664E+04  0.12174E+16  0.39625E+02  0.12773E+03  0.11108E+08  0.13557E+08 -0.016
0.201059 0.201379    4.97    4.97    2532  0.42801E+04  0.48590E+04  0.11292E+16  0.74336E+02 -0.31107E+01  0.12033E+08  0.11577E+08  0.076
0.201379 0.201698    4.97    4.96    2208  0.44395E+04  0.50544E+04  0.13555E+16  0.52090E+02  0.11005E+03  0.12347E+08  0.13199E+08 -0.018
0.201698 0.202017    4.96    4.95    2328  0.45891E+04  0.51628E+04  0.14038E+16 -0.10152E+03 -0.24808E+03  0.13461E+08  0.13194E+08 -0.002
0.202017 0.202335    4.95    4.94    2244  0.44206E+04  0.50083E+04  0.12811E+16  0.10940E+03  0.75391E+02  0.11536E+08  0.13547E+08 -0.052
0.202335 0.202653    4.94    4.93    2883  0.43963E+04  0.50008E+04  0.13129E+16  0.42355E+01  0.96240E+02  0.11615E+08  0.13393E+08 -0.076
0.202653 0.202971    4.93    4.93    2772  0.45031E+04  0.50941E+04  0.13845E+16 -0.58408E+02 -0.10210E+03  0.12377E+08  0.13573E+08 -0.018
0.202971 0.203287    4.93    4.92    2328  0.44657E+04  0.50316E+04  0.12954E+16  0.99294E+02 -0.15827E+03  0.12113E+08  0.13204E+08  0.045
0.203287 0.203604    4.92    4.91    2676  0.43913E+04  0.49429E+04  0.12098E+16  0.12271E+03  0.11131E+03  0.12177E+08  0.12255E+08  0.003
0.203604 0.203920    4.91    4.90    2448  0.44894E+04  0.50853E+04  0.13630E+16  0.78163E+02  0.25135E+03  0.12603E+08  0.13257E+08  0.006
0.203920 0.204235    4.90    4.90    1956  0.44323E+04  0.49917E+04  0.12099E+16 -0.86959E+01 -0.11490E+03  0.12911E+08  0.12006E+08  0.046
0.204235 0.204550    4.90    4.89    2742  0.44025E+04  0.49660E+04  0.12043E+16 -0.12485E+03  0.13861E+03  0.13100E+08  0.11562E+08 -0.044
0.204550 0.204864    4.89    4.88    2304  0.46335E+04  0.51849E+04  0.13655E+16 -0.81179E+02 -0.18925E+02  0.13396E+08  0.13487E+08 -0.050
0.204864 0.205178    4.88    4.87    2664  0.44019E+04  0.49900E+04  0.12891E+16  0.14471E+03 -0.33844E+03  0.13299E+08  0.11601E+08 -0.043
0.205178 0.205491    4.87    4.87    2496  0.44671E+04  0.51023E+04  0.14743E+16 -0.22091E+03  0.22272E+03  0.13696E+08  0.12338E+08 -0.021
0.205491 0.205804    4.87    4.86    2511  0.44756E+04  0.50686E+04  0.14001E+16  0.14647E+03  0.37425E+02  0.14096E+08  0.11595E+08 -0.096
0.205804 0.206117    4.86    4.85    2536  0.44503E+04  0.50711E+04  0.15577E+16 -0.27414E+03 -0.25321E+03  0.14363E+08  0.11352E+08 -0.132
0.206117 0.206429    4.85    4.84    2580  0.44749E+04  0.50297E+04  0.12642E+16 -0.10222E+03  0.26860E+03  0.13246E+08  0.12052E+08 -0.062
0.206429 0.206740    4.84    4.84    2556  0.43284E+04  0.49636E+04  0.14512E+16  0.24047E+03 -0.23065E+03  0.12683E+08  0.11954E+08 -0.106
0.206740 0.207051    4.84    4.83    2376  0.45226E+04  0.51301E+04  0.14771E+16  0.11078E+03  0.67900E+02  0.15231E+08  0.11087E+08 -0.058
0.207051 0.207362    4.83    4.82    2628  0.44812E+04  0.50940E+04  0.14013E+16 -0.10909E+03  0.14361E+03  0.13980E+08  0.11969E+08 -0.118
0.207362 0.207672    4.82    4.82    2328  0.42935E+04  0.48201E+04  0.10607E+16 -0.70503E+02  0.17730E+03  0.12773E+08  0.10460E+08 -0.040
0.207672 0.207982    4.82    4.81    2820  0.44700E+04  0.50885E+04  0.13881E+16 -0.90391E+02 -0.10213E+03  0.14691E+08  0.11202E+08 -0.129
0.207982 0.208291    4.81    4.80    2232  0.43337E+04  0.49092E+04  0.12076E+16  0.12012E+03  0.81087E+02  0.13252E+08  0.10848E+08 -0.098
0.208291 0.208600    4.80    4.79    2436  0.46425E+04  0.52575E+04  0.16374E+16  0.75515E+02 -0.39980E+03  0.15243E+08  0.12399E+08 -0.162
0.208600 0.208908    4.79    4.79    2763  0.42009E+04  0.48688E+04  0.14442E+16  0.41960E+02  0.37754E+02  0.12727E+08  0.10978E+08 -0.145
0.208908 0.209216    4.79    4.78    2490  0.42053E+04  0.48006E+04  0.12136E+16  0.11563E+03  0.24234E+03  0.12320E+08  0.10726E+08 -0.072
0.209216 0.209523    4.78    4.77    2700  0.42968E+04  0.49191E+04  0.14113E+16 -0.88492E+02 -0.19603E+03  0.12268E+08  0.11930E+08 -0.123
0.209523 0.209830    4.77    4.77    2232  0.43617E+04  0.49505E+04  0.13051E+16 -0.11407E+03 -0.16760E+02  0.12548E+08  0.11959E+08 -0.112
0.209830 0.210136    4.77    4.76    3024  0.44015E+04  0.49891E+04  0.12645E+16  0.23272E+01  0.38429E+02  0.12667E+08  0.12224E+08 -0.190
0.210136 0.210443    4.76    4.75    2076  0.42650E+04  0.49098E+04  0.12993E+16  0.52304E+02 -0.27240E+03  0.11370E+08  0.12736E+08 -0.137
0.210443 0.210748    4.75    4.75    3288  0.43425E+04  0.49368E+04  0.12486E+16  0.45482E+02  0.21369E+03  0.12444E+08  0.11929E+08 -0.068
0.210748 0.211053    4.75    4.74    2016  0.43780E+04  0.49767E+04  0.12756E+16  0.86794E+02  0.59541E+02  0.12657E+08  0.12111E+08 -0.099
0.211053 0.211358    4.74    4.73    2748  0.43289E+04  0.49224E+04  0.12332E+16 -0.83115E+02  0.12865E+03  0.12473E+08  0.11758E+08 -0.117
0.211358 0.211662    4.73    4.72    2512  0.40947E+04  0.47048E+04  0.11323E+16  0.69665E+02 -0.24168E+02  0.10692E+08  0.11444E+08 -0.124
0.211662 0.211966    4.72    4.72    2688  0.41987E+04  0.48077E+04  0.12020E+16 -0.10920E+03 -0.27004E+01  0.11156E+08  0.11958E+08 -0.056
0.211966 0.212269    4.72    4.71    2343  0.43029E+04  0.49863E+04  0.15895E+16 -0.93926E+02  0.10426E+03  0.12369E+08  0.12494E+08 -0.096
0.212269 0.212572    4.71    4.70    2748  0.43233E+04  0.49442E+04  0.13398E+16  0.11358E+02 -0.13590E+03  0.12176E+08  0.12268E+08 -0.066
0.212572 0.212875    4.70    4.70    2652  0.41055E+04  0.47066E+04  0.10787E+16  0.11028E+03 -0.12372E+03  0.10860E+08  0.11292E+08 -0.055
0.212875 0.213177    4.70    4.69    2124  0.42028E+04  0.47904E+04  0.11150E+16  0.49939E+02 -0.40145E+03  0.95869E+07  0.13361E+08 -0.058
0.213177 0.213479    4.69    4.68    3168  0.42137E+04  0.48361E+04  0.12265E+16 -0.12288E+03  0.35423E+03  0.11106E+08  0.12282E+08 -0.032
0.213479 0.213780    4.68    4.68    2286  0.40597E+04  0.46240E+04  0.95668E+15 -0.12718E+03  0.16798E+03  0.99388E+07  0.11443E+08 -0.049
0.213780 0.214081    4.68    4.67    2940  0.41887E+04  0.48121E+04  0.11910E+16  0.12316E+03 -0.72567E+02  0.10791E+08  0.12365E+08 -0.009
0.214081 0.214381    4.67    4.66    2448  0.42638E+04  0.48399E+04  0.11286E+16  0.86901E+02 -0.81948E+02  0.10686E+08  0.12738E+08  0.021
0.214381 0.214681    4.66    4.66    2712  0.40635E+04  0.46470E+04  0.96465E+15  0.15418E+03  0.12995E+03  0.10444E+08  0.11150E+08 -0.040
0.214681 0.214981    4.66    4.65    2700  0.42225E+04  0.47669E+04  0.10584E+16 -0.12636E+03 -0.67978E+02  0.98384E+07  0.12885E+08 -0.015
0.214981 0.215280    4.65    4.65    2100  0.41021E+04  0.46676E+04  0.10005E+16 -0.59500E+02 -0.96442E+01  0.10469E+08  0.11317E+08 -0.028
0.215280 0.215579    4.65    4.64    2763  0.43062E+04  0.49783E+04  0.16892E+16  0.57594E+02 -0.82410E+01  0.12968E+08  0.11816E+08 -0.129
0.215579 0.215877    4.64    4.63    2484  0.40236E+04  0.45949E+04  0.94732E+15 -0.30119E+02 -0.12785E+03  0.97708E+07  0.11342E+08 -0.059
0.215877 0.216175    4.63    4.63    3072  0.39903E+04  0.45434E+04  0.90200E+15 -0.15870E+03 -0.10993E+03  0.99428E+07  0.10699E+08  0.037
0.216175 0.216472    4.63    4.62    2580  0.41612E+04  0.47571E+04  0.11630E+16  0.96663E+02  0.17220E+02  0.10234E+08  0.12395E+08 -0.050
0.216472 0.216769    4.62    4.61    2808  0.40408E+04  0.45578E+04  0.83330E+15 -0.84361E+02 -0.62841E+02  0.99746E+07  0.10799E+08 -0.015
0.216769 0.217066    4.61    4.61    2472  0.40789E+04  0.46594E+04  0.10316E+16  0.11504E+03  0.68038E+02  0.10614E+08  0.11096E+08  0.031
0.217066 0.217362    4.61    4.60    2572  0.39956E+04  0.44766E+04  0.77228E+15  0.39000E+02  0.84975E+02  0.96091E+07  0.10431E+08 -0.020
0.217362 0.217658    4.60    4.59    2664  0.42040E+04  0.47978E+04  0.11527E+16 -0.46368E+02  0.13583E+03  0.10722E+08  0.12297E+08  0.102
0.217658 0.217954    4.59    4.59    2592  0.41028E+04  0.46048E+04  0.92309E+15  0.77460E+01 -0.38380E+02  0.10733E+08  0.10471E+08  0.007
0.217954 0.218249    4.59    4.58    2430  0.39868E+04  0.45605E+04  0.95225E+15  0.75966E+02  0.23766E+02  0.10679E+08  0.10119E+08  0.052
0.218249 0.218543    4.58    4.58    2907  0.41065E+04  0.46629E+04  0.11143E+16 -0.25466E+02 -0.63831E+02  0.10738E+08  0.11004E+08  0.044
0.218543 0.218838    4.58    4.57    2700  0.41446E+04  0.48447E+04  0.15934E+16 -0.28933E+02  0.94361E+02  0.12298E+08  0.11174E+08  0.011
0.218838 0.219131    4.57    4.56    2988  0.39764E+04  0.44899E+04  0.80770E+15  0.68014E+01 -0.11397E+03  0.99524E+07  0.10207E+08  0.026
0.219131 0.219425    4.56    4.56    2616  0.38507E+04  0.43515E+04  0.73776E+15  0.94577E+02  0.64590E+02  0.97851E+07  0.91507E+07  0.029
0.219425 0.219718    4.56    4.55    2628  0.40746E+04  0.46237E+04  0.94743E+15  0.63024E+01  0.18846E+03  0.10493E+08  0.10885E+08  0.037
0.219718 0.220011    4.55    4.55    2292  0.36863E+04  0.41825E+04  0.65216E+15  0.17172E+03 -0.15784E+03  0.84297E+07  0.90633E+07  0.125
0.220011 0.220303    4.55    4.54    2904  0.38906E+04  0.44386E+04  0.82055E+15 -0.15167E+03 -0.91292E+02  0.10196E+08  0.95051E+07  0.095
0.220303 0.220595    4.54    4.53    2544  0.38403E+04  0.43647E+04  0.76735E+15  0.26419E+02 -0.16159E+03  0.97472E+07  0.93031E+07  0.113
0.220595 0.220887    4.53    4.53    2616  0.38033E+04  0.43154E+04  0.73071E+15 -0.91197E+01 -0.17763E+02  0.94477E+07  0.91754E+07  0.099
0.220887 0.221178    4.53    4.52    2808  0.38455E+04  0.43695E+04  0.79705E+15 -0.75301E+02  0.10030E+03  0.98515E+07  0.92410E+07  0.119
0.221178 0.221468    4.52    4.52    2856  0.38144E+04  0.42837E+04  0.66684E+15 -0.12080E+03  0.15657E+03  0.89117E+07  0.94387E+07  0.038
0.221468 0.221759    4.52    4.51    2595  0.37209E+04  0.42526E+04  0.81823E+15  0.71954E+02 -0.13746E+03  0.87971E+07  0.92872E+07  0.050
0.221759 0.222049    4.51    4.50    2820  0.38847E+04  0.44885E+04  0.11826E+16  0.70389E+02 -0.88966E+02  0.95016E+07  0.10645E+08 -0.043
0.222049 0.222338    4.50    4.50    2796  0.36052E+04  0.40809E+04  0.56591E+15  0.39230E+02  0.11377E+03  0.82162E+07  0.84378E+07  0.038
0.222338 0.222628    4.50    4.49    2124  0.37233E+04  0.42141E+04  0.63695E+15 -0.23961E+02  0.16899E+03  0.88610E+07  0.88973E+07  0.070
0.222628 0.222917    4.49    4.49    2998  0.36190E+04  0.40918E+04  0.56672E+15 -0.78515E+02  0.34731E+02  0.85928E+07  0.81499E+07  0.084
0.222917 0.223205    4.49    4.48    2676  0.36130E+04  0.40742E+04  0.53606E+15  0.68070E+02 -0.65239E+02  0.86082E+07  0.79912E+07  0.003
0.223205 0.223493    4.48    4.47    3240  0.36084E+04  0.40980E+04  0.57681E+15  0.10536E+03 -0.63053E+01  0.85393E+07  0.82544E+07  0.022
0.223493 0.223781    4.47    4.47    2064  0.35634E+04  0.39809E+04  0.48395E+15 -0.10003E+03 -0.40195E+01  0.82428E+07  0.76051E+07  0.113
0.223781 0.224068    4.47    4.46    3324  0.34936E+04  0.39462E+04  0.49138E+15 -0.17711E+03 -0.52053E+02  0.78868E+07  0.76859E+07  0.029
0.224068 0.224355    4.46    4.46    2244  0.36154E+04  0.40946E+04  0.55174E+15  0.12150E+03 -0.80336E+02  0.77330E+07  0.90326E+07 -0.006
0.224355 0.224642    4.46    4.45    2964  0.35003E+04  0.39975E+04  0.53136E+15  0.43740E+02  0.13748E+02  0.82914E+07  0.76890E+07  0.051
0.224642 0.224928    4.45    4.45    2472  0.36444E+04  0.41181E+04  0.57761E+15 -0.11531E+03  0.24453E+02  0.89683E+07  0.79903E+07  0.105
0.224928 0.225214    4.45    4.44    2763  0.35873E+04  0.40724E+04  0.63233E+15 -0.54261E+02  0.69499E+02  0.83020E+07  0.82820E+07 -0.040
0.225214 0.225500    4.44    4.43    2688  0.35177E+04  0.39771E+04  0.51660E+15  0.25170E+03 -0.96930E+01  0.80912E+07  0.77260E+07  0.063
0.225500 0.225785    4.43    4.43    2856  0.34266E+04  0.38683E+04  0.46340E+15 -0.16610E+02 -0.12061E+01  0.79243E+07  0.70397E+07 -0.015
0.225785 0.226070    4.43    4.42    3180  0.35342E+04  0.39658E+04  0.48529E+15 -0.81630E+02 -0.12846E+03  0.82416E+07  0.74862E+07  0.022
0.226070 0.226354    4.42    4.42    2544  0.32691E+04  0.37013E+04  0.37514E+15 -0.35860E+02  0.52107E+02  0.72935E+07  0.64061E+07 -0.014
0.226354 0.226639    4.42    4.41    3012  0.33964E+04  0.38272E+04  0.43186E+15 -0.39354E+02 -0.85204E+02  0.74582E+07  0.71891E+07  0.014
0.226639 0.226922    4.41    4.41    2484  0.33109E+04  0.37329E+04  0.39253E+15  0.18632E+03  0.10049E+03  0.71320E+07  0.68029E+07  0.045
0.226922 0.227206    4.41    4.40    2628  0.34451E+04  0.39052E+04  0.46857E+15  0.19564E+01 -0.74943E+02  0.79007E+07  0.73498E+07  0.051
0.227206 0.227489    4.40    4.40    2874  0.33939E+04  0.38600E+04  0.45520E+15 -0.52161E+01  0.95958E+02  0.76602E+07  0.72393E+07  0.021
0.227489 0.227772    4.40    4.39    2820  0.34676E+04  0.39155E+04  0.47312E+15  0.57677E+02  0.10127E+03  0.80986E+07  0.72325E+07 -0.013
0.227772 0.228054    4.39    4.38    2820  0.34728E+04  0.38937E+04  0.44696E+15 -0.58396E+02 -0.10469E+02  0.79650E+07  0.71958E+07  0.080
0.228054 0.228336    4.38    4.38    2731  0.33268E+04  0.38452E+04  0.52480E+15 -0.11634E+02  0.56856E+02  0.69973E+07  0.77884E+07  0.034
0.228336 0.228618    4.38    4.37    2724  0.33812E+04  0.38108E+04  0.42184E+15 -0.15588E+03 -0.55976E+02  0.70802E+07  0.74419E+07 -0.002
0.228618 0.228899    4.37    4.37    2724  0.31679E+04  0.36287E+04  0.37133E+15  0.93248E+02 -0.15203E+02  0.67083E+07  0.64595E+07 -0.068
0.228899 0.229180    4.37    4.36    3096  0.32614E+04  0.37109E+04  0.40364E+15  0.12100E+03  0.62628E+02  0.69815E+07  0.67891E+07  0.044
0.229180 0.229461    4.36    4.36    2268  0.33042E+04  0.37902E+04  0.44608E+15  0.37791E+02 -0.10964E+03  0.68332E+07  0.75328E+07  0.010
0.229461 0.229741    4.36    4.35    3096  0.32220E+04  0.36784E+04  0.37971E+15 -0.12457E+03 -0.97872E+02  0.74670E+07  0.60632E+07  0.022
0.229741 0.230021    4.35    4.35    2616  0.33161E+04  0.37845E+04  0.46365E+15  0.64867E+01 -0.50400E+02  0.73595E+07  0.69628E+07  0.011
0.230021 0.230300    4.35    4.34    3012  0.32010E+04  0.36310E+04  0.35775E+15  0.14759E+02 -0.61041E+02  0.69277E+07  0.62568E+07 -0.051
0.230300 0.230580    4.34    4.34    2748  0.32123E+04  0.36130E+04  0.32357E+15 -0.82362E+02  0.41346E+02  0.66800E+07  0.63734E+07  0.020
0.230580 0.230859    4.34    4.33    2676  0.33702E+04  0.38015E+04  0.42344E+15 -0.73062E+02  0.60777E+01  0.74777E+07  0.69738E+07  0.018
0.230859 0.231137    4.33    4.33    3072  0.32553E+04  0.36807E+04  0.37097E+15  0.21864E+03  0.76619E+01  0.67722E+07  0.67751E+07 -0.011
0.231137 0.231415    4.33    4.32    2607  0.32472E+04  0.37187E+04  0.41860E+15  0.18592E+02  0.12441E+03  0.64485E+07  0.73800E+07  0.005
0.231415 0.231693    4.32    4.32    2820  0.32020E+04  0.36333E+04  0.35775E+15 -0.24598E+03  0.19954E+03  0.63942E+07  0.68065E+07  0.073
0.231693 0.231971    4.32    4.31    3150  0.31853E+04  0.35718E+04  0.31055E+15  0.15101E+02  0.12139E+03  0.63649E+07  0.63928E+07  0.011
0.231971 0.232248    4.31    4.31    2556  0.30939E+04  0.35030E+04  0.30789E+15 -0.56436E+02 -0.99433E+02  0.60639E+07  0.62071E+07  0.010
0.232248 0.232525    4.31    4.30    3012  0.33362E+04  0.37756E+04  0.41568E+15 -0.33102E+02  0.10244E+03  0.67084E+07  0.75471E+07  0.025
0.232525 0.232802    4.30    4.30    2484  0.31572E+04  0.35595E+04  0.31426E+15  0.31174E+02 -0.12710E+03  0.66078E+07  0.60626E+07  0.077
0.232802 0.233078    4.30    4.29    2976  0.32191E+04  0.36506E+04  0.36728E+15  0.19805E+03 -0.10080E+03  0.65087E+07  0.68184E+07 -0.037
0.233078 0.233354    4.29    4.29    2952  0.32166E+04  0.36604E+04  0.38108E+15 -0.67553E+02 -0.80144E+02  0.66945E+07  0.67044E+07 -0.031
0.233354 0.233630    4.29    4.28    2748  0.31448E+04  0.35564E+04  0.31814E+15  0.72578E+02 -0.79467E+02  0.70311E+07  0.56172E+07  0.031
0.233630 0.233905    4.28    4.28    2932  0.31121E+04  0.35141E+04  0.31053E+15 -0.68629E+02 -0.72200E+02  0.62998E+07  0.60487E+07  0.019
0.233905 0.234180    4.28    4.27    3096  0.31287E+04  0.35524E+04  0.32176E+15 -0.28466E+02 -0.45412E+02  0.66518E+07  0.59675E+07  0.015
0.234180 0.234454    4.27    4.27    2484  0.31077E+04  0.35332E+04  0.32165E+15  0.15148E+02  0.80787E+02  0.67108E+07  0.57725E+07 -0.008
0.234454 0.234729    4.27    4.26    2907  0.31826E+04  0.35941E+04  0.33383E+15  0.78310E+02  0.14571E+03  0.64134E+07  0.65042E+07  0.004
0.234729 0.235003    4.26    4.26    3168  0.30511E+04  0.34598E+04  0.29010E+15 -0.14590E+02 -0.82619E+02  0.60558E+07  0.59145E+07  0.030
0.235003 0.235276    4.26    4.25    2496  0.30496E+04  0.34375E+04  0.29231E+15  0.99765E+02 -0.24675E+02  0.57894E+07  0.60272E+07  0.067
0.235276 0.235550    4.25    4.25    3144  0.29606E+04  0.33601E+04  0.26540E+15  0.39186E+02 -0.81109E+02  0.57814E+07  0.55086E+07 -0.002
0.235550 0.235823    4.25    4.24    2700  0.30761E+04  0.34866E+04  0.31138E+15 -0.50423E+02  0.21268E+03  0.64049E+07  0.57514E+07 -0.027
0.235823 0.236096    4.24    4.24    3132  0.30251E+04  0.34093E+04  0.27239E+15 -0.15308E+03  0.55586E+02  0.57763E+07  0.58470E+07  0.005
0.236096 0.236368    4.24    4.23    2610  0.30204E+04  0.34013E+04  0.27583E+15  0.15662E+03 -0.19540E+03  0.57726E+07  0.57963E+07 -0.031
0.236368 0.236640    4.23    4.23    3144  0.30557E+04  0.34327E+04  0.28042E+15 -0.21688E+02 -0.34721E+02  0.59065E+07  0.58769E+07  0.055
0.236640 0.236912    4.23    4.22    2772  0.29686E+04  0.33452E+04  0.24690E+15  0.56643E+02  0.32790E+02  0.54433E+07  0.57468E+07  0.050
0.236912 0.237183    4.22    4.22    2652  0.30488E+04  0.34657E+04  0.29156E+15 -0.92089E+02  0.52062E+02  0.61744E+07  0.58369E+07  0.000
0.237183 0.237455    4.22    4.21    3012  0.30634E+04  0.34678E+04  0.30942E+15  0.18443E+02 -0.10892E+03  0.56954E+07  0.63302E+07 -0.007
0.237455 0.237725    4.21    4.21    2412  0.30332E+04  0.34182E+04  0.27590E+15  0.32605E+02 -0.25911E+02  0.49386E+07  0.67455E+07 -0.012
0.237725 0.237996    4.21    4.20    3315  0.30372E+04  0.34542E+04  0.29396E+15 -0.14440E+03 -0.57742E+02  0.62116E+07  0.57196E+07  0.014
0.237996 0.238266    4.20    4.20    2760  0.29691E+04  0.33625E+04  0.25633E+15 -0.61071E+02  0.22702E+03  0.53280E+07  0.59786E+07 -0.030
0.238266 0.238536    4.20    4.19    3336  0.30462E+04  0.34431E+04  0.28563E+15 -0.38135E-02  0.13722E+03  0.55815E+07  0.62738E+07  0.015
0.238536 0.238806    4.19    4.19    2412  0.30597E+04  0.34925E+04  0.30470E+15  0.40136E+02 -0.52010E+02  0.57931E+07  0.64042E+07 -0.004
0.238806 0.239075    4.19    4.18    3384  0.31084E+04  0.35223E+04  0.31647E+15 -0.68798E+02  0.22276E+01  0.57656E+07  0.66413E+07  0.081
0.239075 0.239344    4.18    4.18    2872  0.30347E+04  0.34601E+04  0.30367E+15  0.30646E+02 -0.29376E+02  0.56901E+07  0.62825E+07  0.121
0.239344 0.239613    4.18    4.17    2736  0.30290E+04  0.34263E+04  0.28124E+15  0.35490E+02  0.10423E+03  0.56244E+07  0.61153E+07  0.086
0.239613 0.239881    4.17    4.17    2760  0.30369E+04  0.33745E+04  0.23787E+15 -0.93200E-01  0.17687E+02  0.56362E+07  0.57509E+07  0.026
0.239881 0.240149    4.17    4.16    3264  0.30522E+04  0.34485E+04  0.28993E+15  0.93933E+01  0.88435E+02  0.59293E+07  0.59629E+07  0.011
0.240149 0.240417    4.16    4.16    2820  0.29840E+04  0.34024E+04  0.29386E+15  0.14843E+03 -0.43282E+02  0.56340E+07  0.59420E+07  0.013
0.240417 0.240685    4.16    4.15    3000  0.29914E+04  0.34054E+04  0.28708E+15 -0.16446E+02 -0.81265E+02  0.60735E+07  0.55236E+07 -0.024
0.240685 0.240952    4.15    4.15    2778  0.30652E+04  0.34656E+04  0.30994E+15 -0.40682E+02 -0.10425E+03  0.58969E+07  0.61134E+07  0.059
0.240952 0.241219    4.15    4.15    2955  0.30324E+04  0.34440E+04  0.28414E+15  0.82129E+02 -0.21762E+02  0.59354E+07  0.59261E+07  0.099
0.241219 0.241486    4.15    4.14    2964  0.29819E+04  0.33340E+04  0.24401E+15  0.31335E+01 -0.13280E+03  0.54247E+07  0.56908E+07 -0.010
0.241486 0.241752    4.14    4.14    3000  0.29409E+04  0.33199E+04  0.25064E+15  0.84874E+02  0.10035E+02  0.52009E+07  0.58207E+07  0.025
0.241752 0.242018    4.14    4.13    3192  0.29968E+04  0.34349E+04  0.31732E+15  0.63588E+02 -0.57703E+01  0.60127E+07  0.57859E+07  0.047
0.242018 0.242284    4.13    4.13    2808  0.30149E+04  0.34488E+04  0.29693E+15 -0.60557E+02 -0.17135E+02  0.60855E+07  0.58091E+07  0.021
0.242284 0.242549    4.13    4.12    3096  0.28330E+04  0.32171E+04  0.23240E+15 -0.18443E+02  0.23558E+02  0.52094E+07  0.51405E+07 -0.018
0.242549 0.242814    4.12    4.12    2688  0.28554E+04  0.32250E+04  0.21003E+15  0.12482E+02 -0.81784E+01  0.52463E+07  0.51542E+07  0.077
0.242814 0.243079    4.12    4.11    2940  0.28106E+04  0.32252E+04  0.23366E+15 -0.39456E+02 -0.10494E+03  0.53260E+07  0.50762E+07 -0.024
0.243079 0.243344    4.11    4.11    3108  0.29525E+04  0.33119E+04  0.23499E+15 -0.12009E+03 -0.10139E+00  0.54433E+07  0.55254E+07 -0.026
0.243344 0.243608    4.11    4.10    3156  0.28608E+04  0.32360E+04  0.22699E+15 -0.10576E+03  0.22890E+02  0.53831E+07  0.50888E+07 -0.033
0.243608 0.243872    4.10    4.10    2340  0.29279E+04  0.32820E+04  0.22393E+15  0.43845E+02  0.63597E+02  0.53944E+07  0.53775E+07 -0.007
0.243872 0.244136    4.10    4.10    3264  0.28671E+04  0.32669E+04  0.23874E+15 -0.50954E+02  0.76870E+02  0.53419E+07  0.53310E+07  0.029
0.244136 0.244399    4.10    4.09    2955  0.28730E+04  0.32594E+04  0.23043E+15 -0.21472E+02 -0.34586E+01  0.52191E+07  0.54043E+07  0.028
0.244399 0.244663    4.09    4.09    3120  0.28841E+04  0.32629E+04  0.22797E+15  0.10584E+03 -0.59942E+01  0.53936E+07  0.52530E+07  0.015
0.244663 0.244926    4.09    4.08    2644  0.28689E+04  0.32634E+04  0.24142E+15 -0.11571E+03  0.19315E+02  0.52014E+07  0.54483E+07  0.028
0.244926 0.245188    4.08    4.08    3060  0.27086E+04  0.31170E+04  0.21488E+15  0.68313E+02  0.47648E+02  0.46346E+07  0.50813E+07 -0.002
0.245188 0.245450    4.08    4.07    3282  0.28340E+04  0.31817E+04  0.19868E+15  0.24417E+02 -0.67013E+02  0.50500E+07  0.50733E+07  0.036
0.245450 0.245713    4.07    4.07    2952  0.27849E+04  0.31551E+04  0.20303E+15  0.68469E+02  0.10079E+03  0.50918E+07  0.48629E+07  0.018
0.245713 0.245974    4.07    4.07    3096  0.27823E+04  0.31708E+04  0.20501E+15  0.10525E+03  0.61889E+02  0.51371E+07  0.49166E+07  0.011
0.245974 0.246236    4.07    4.06    2844  0.28401E+04  0.32164E+04  0.21775E+15 -0.12480E+03  0.67956E+01  0.50340E+07  0.53111E+07 -0.049
0.246236 0.246497    4.06    4.06    2832  0.27690E+04  0.31470E+04  0.20602E+15 -0.15102E+02  0.18126E+02  0.50207E+07  0.48831E+07 -0.021
0.246497 0.246758    4.06    4.05    3072  0.28224E+04  0.31871E+04  0.21180E+15  0.24250E+02  0.70491E+01  0.50164E+07  0.51410E+07  0.047
0.246758 0.247019    4.05    4.05    3252  0.27865E+04  0.31581E+04  0.20647E+15  0.21095E+01  0.38997E+02  0.53400E+07  0.46336E+07 -0.016
0.247019 0.247279    4.05    4.04    2832  0.27646E+04  0.31381E+04  0.20386E+15  0.12747E+03 -0.11294E+03  0.50248E+07  0.48228E+07 -0.039
0.247279 0.247539    4.04    4.04    3183  0.27501E+04  0.31067E+04  0.18596E+15  0.58722E+02 -0.10154E+03  0.53008E+07  0.43507E+07  0.007
0.247539 0.247799    4.04    4.04    3048  0.27278E+04  0.30997E+04  0.21041E+15 -0.12814E+03 -0.12521E+02  0.52772E+07  0.43308E+07 -0.049
0.247799 0.248059    4.04    4.03    2904  0.27788E+04  0.31791E+04  0.22188E+15 -0.44009E+02  0.54598E+02  0.53893E+07  0.47176E+07 -0.053
0.248059 0.248318    4.03    4.03    3204  0.27653E+04  0.31406E+04  0.19536E+15 -0.32269E+02  0.29455E+02  0.52708E+07  0.45924E+07  0.020
0.248318 0.248577    4.03    4.02    2760  0.26935E+04  0.30634E+04  0.18515E+15 -0.19732E+02  0.80867E+02  0.47832E+07  0.46011E+07  0.026
0.248577 0.248836    4.02    4.02    3180  0.27608E+04  0.31509E+04  0.21653E+15  0.11357E+03 -0.88885E+02  0.50068E+07  0.49211E+07 -0.083
0.248836 0.249094    4.02    4.01    2904  0.26656E+04  0.30250E+04  0.18106E+15 -0.13760E+02  0.24241E+02  0.49131E+07  0.42375E+07  0.014
0.249094 0.249352    4.01    4.01    3252  0.26928E+04  0.30531E+04  0.18197E+15 -0.11923E+03  0.16478E+02  0.49067E+07  0.44147E+07 -0.000
0.249352 0.249610    4.01    4.01    2808  0.26878E+04  0.30904E+04  0.20800E+15 -0.77618E+02 -0.49855E+02  0.47851E+07  0.47654E+07  0.008
0.249610 0.249868    4.01    4.00    3132  0.27636E+04  0.31528E+04  0.21685E+15  0.63841E+02 -0.43049E+02  0.53069E+07  0.46332E+07  0.036
0.249868 0.250125    4.00    4.00    2814  0.27287E+04  0.31375E+04  0.24629E+15  0.30638E+02  0.83540E+02  0.49765E+07  0.48672E+07 -0.006
0.250125 0.250383    4.00    3.99    3168  0.26587E+04  0.29916E+04  0.15636E+15  0.59568E+02  0.99191E+02  0.43970E+07  0.45527E+07 -0.019
0.250383 0.250639    3.99    3.99    2824  0.27496E+04  0.31149E+04  0.19553E+15  0.46254E+02 -0.46352E+02  0.49984E+07  0.47040E+07  0.059
0.250639 0.250896    3.99    3.99    3327  0.27274E+04  0.31289E+04  0.21362E+15  0.10741E+03 -0.11100E+01  0.48201E+07  0.49702E+07 -0.027
0.250896 0.251152    3.99    3.98    3096  0.28665E+04  0.32367E+04  0.23096E+15 -0.20819E+03 -0.83284E+02  0.52811E+07  0.51954E+07  0.002
0.251152 0.251409    3.98    3.98    2856  0.26435E+04  0.30188E+04  0.17651E+15  0.37269E+02 -0.18778E+03  0.47451E+07  0.43681E+07 -0.032
0.251409 0.251664    3.98    3.97    3240  0.27318E+04  0.31251E+04  0.20740E+15 -0.82571E+02 -0.91898E+02  0.46412E+07  0.51247E+07 -0.037
0.251664 0.251920    3.97    3.97    2496  0.26461E+04  0.30345E+04  0.18353E+15  0.20398E+02  0.12827E+03  0.46210E+07  0.45869E+07  0.015
0.251920 0.252175    3.97    3.97    3936  0.26935E+04  0.30618E+04  0.18418E+15  0.11500E+02  0.62481E+02  0.49075E+07  0.44674E+07 -0.017
0.252175 0.252430    3.97    3.96    2784  0.26012E+04  0.29487E+04  0.15731E+15  0.78851E+01 -0.30914E+02  0.43670E+07  0.43281E+07 -0.016
0.252430 0.252685    3.96    3.96    3084  0.26579E+04  0.30358E+04  0.18621E+15 -0.12989E+02 -0.76714E+02  0.46719E+07  0.45441E+07  0.032
0.252685 0.252940    3.96    3.95    2904  0.27446E+04  0.31174E+04  0.19698E+15 -0.82001E+02  0.51823E+02  0.48512E+07  0.48672E+07  0.057
0.252940 0.253194    3.95    3.95    3084  0.26562E+04  0.30126E+04  0.17937E+15 -0.75119E+02  0.45374E+02  0.45900E+07  0.44855E+07 -0.033
0.253194 0.253448    3.95    3.95    2940  0.26462E+04  0.30426E+04  0.19959E+15  0.11209E+03  0.43495E+02  0.49449E+07  0.43127E+07 -0.067
0.253448 0.253702    3.95    3.94    3696  0.27022E+04  0.31095E+04  0.20936E+15  0.86031E+02  0.48887E+02  0.47734E+07  0.48955E+07  0.007
0.253702 0.253955    3.94    3.94    2643  0.26812E+04  0.30603E+04  0.19194E+15  0.12956E+03 -0.11314E+03  0.44985E+07  0.48669E+07  0.093
0.253955 0.254209    3.94    3.93    3276  0.26711E+04  0.30588E+04  0.19732E+15 -0.86673E+01 -0.58825E+02  0.45726E+07  0.47837E+07  0.007
0.254209 0.254462    3.93    3.93    3252  0.26779E+04  0.30171E+04  0.16116E+15  0.91133E+02  0.47172E+02  0.44642E+07  0.46389E+07 -0.024
0.254462 0.254714    3.93    3.93    3138  0.26963E+04  0.30365E+04  0.16949E+15 -0.53650E+02  0.15849E+03  0.49319E+07  0.42883E+07  0.017
0.254714 0.254967    3.93    3.92    2904  0.26451E+04  0.30293E+04  0.18320E+15  0.10024E+03  0.21620E+02  0.48459E+07  0.43306E+07 -0.019
0.254967 0.255219    3.92    3.92    3168  0.27223E+04  0.30961E+04  0.18976E+15 -0.13035E+03  0.29945E+02  0.50555E+07  0.45305E+07 -0.019
0.255219 0.255471    3.92    3.91    3084  0.26247E+04  0.29739E+04  0.17023E+15 -0.57153E+02 -0.15684E+02  0.46774E+07  0.41664E+07 -0.003
0.255471 0.255723    3.91    3.91    3000  0.26634E+04  0.30237E+04  0.17849E+15 -0.44196E+02  0.76536E+02  0.47085E+07  0.44340E+07  0.004
0.255723 0.255975    3.91    3.91    3228  0.26033E+04  0.29770E+04  0.17196E+15 -0.24715E+02  0.65288E+02  0.46713E+07  0.41910E+07 -0.036
0.255975 0.256226    3.91    3.90    3376  0.26374E+04  0.29878E+04  0.16986E+15 -0.74995E+02 -0.38431E+02  0.44770E+07  0.44499E+07  0.012
0.256226 0.256477    3.90    3.90    2904  0.25742E+04  0.29480E+04  0.16948E+15 -0.15074E+03  0.32197E+01  0.48212E+07  0.38697E+07 -0.047
0.256477 0.256728    3.90    3.90    2964  0.27180E+04  0.30938E+04  0.18777E+15  0.10931E+03  0.75541E+01  0.51301E+07  0.44417E+07 -0.026
0.256728 0.256978    3.90    3.89    3216  0.27468E+04  0.31046E+04  0.19603E+15 -0.23574E+02 -0.29821E+02  0.49165E+07  0.47218E+07 -0.029
0.256978 0.257229    3.89    3.89    2703  0.27691E+04  0.31523E+04  0.21623E+15 -0.74844E+02 -0.22840E+02  0.52854E+07  0.46517E+07 -0.026
0.257229 0.257479    3.89    3.88    3576  0.26282E+04  0.30019E+04  0.17149E+15  0.13110E+03 -0.46491E+01  0.47454E+07  0.42658E+07 -0.002
0.257479 0.257728    3.88    3.88    2916  0.25651E+04  0.29534E+04  0.17550E+15 -0.95038E+02 -0.14239E+03  0.43140E+07  0.44089E+07  0.068
0.257728 0.257978    3.88    3.88    3552  0.26316E+04  0.30060E+04  0.18032E+15  0.11046E+03 -0.87843E+02  0.46140E+07  0.44222E+07 -0.030
0.257978 0.258227    3.88    3.87    2928  0.26187E+04  0.30222E+04  0.19190E+15  0.10806E+03 -0.10536E+03  0.48632E+07  0.42704E+07  0.032
0.258227 0.258476    3.87    3.87    2820  0.25702E+04  0.29540E+04  0.17293E+15  0.12721E+03 -0.83658E+02  0.46367E+07  0.40893E+07 -0.030
0.258476 0.258725    3.87    3.87    3552  0.25645E+04  0.29149E+04  0.15176E+15 -0.86928E+02  0.13375E+02  0.41992E+07  0.42974E+07  0.003
0.258725 0.258974    3.87    3.86    3180  0.26237E+04  0.30311E+04  0.24535E+15  0.13576E+02  0.40601E+02  0.48842E+07  0.43036E+07 -0.040
0.258974 0.259222    3.86    3.86    3150  0.25536E+04  0.29387E+04  0.17375E+15  0.46266E+02  0.20068E+02  0.42396E+07  0.43962E+07  0.044
0.259222 0.259470    3.86    3.85    2844  0.26408E+04  0.29874E+04  0.16264E+15  0.83384E+01  0.37258E+02  0.45951E+07  0.43292E+07  0.001
0.259470 0.259718    3.85    3.85    3492  0.25559E+04  0.29281E+04  0.16097E+15 -0.17560E+03  0.10541E+03  0.46473E+07  0.39264E+07  0.083
0.259718 0.259966    3.85    3.85    2832  0.26469E+04  0.30479E+04  0.19822E+15 -0.34068E+02 -0.49638E+02  0.46981E+07  0.45916E+07 -0.008
0.259966 0.260213    3.85    3.84    3228  0.24834E+04  0.28350E+04  0.14745E+15  0.29764E+02  0.80040E+01  0.40575E+07  0.39794E+07  0.024
0.260213 0.260461    3.84    3.84    3687  0.25323E+04  0.29239E+04  0.17122E+15 -0.54255E+02  0.53416E+02  0.45533E+07  0.39959E+07 -0.001
0.260461 0.260708    3.84    3.84    3240  0.26026E+04  0.29570E+04  0.16224E+15  0.79795E+02 -0.31977E+02  0.45890E+07  0.41547E+07  0.007
0.260708 0.260954    3.84    3.83    2736  0.25113E+04  0.28814E+04  0.15397E+15  0.10820E+02 -0.15058E+01  0.40895E+07  0.42132E+07 -0.066
0.260954 0.261201    3.83    3.83    3276  0.25754E+04  0.29603E+04  0.17426E+15 -0.55595E+01 -0.66799E+02  0.46994E+07  0.40642E+07  0.004
0.261201 0.261447    3.83    3.82    3132  0.25691E+04  0.29175E+04  0.15619E+15 -0.24151E+02 -0.47227E+01  0.43636E+07  0.41485E+07  0.063
0.261447 0.261693    3.82    3.82    3304  0.25318E+04  0.28692E+04  0.14278E+15  0.46392E+02  0.46726E+02  0.44687E+07  0.37638E+07  0.017
0.261693 0.261939    3.82    3.82    3204  0.25338E+04  0.28946E+04  0.15164E+15 -0.15890E+02  0.44563E+02  0.41166E+07  0.42623E+07  0.027
0.261939 0.262185    3.82    3.81    2904  0.24987E+04  0.28648E+04  0.15142E+15  0.18901E+02  0.62048E+02  0.42094E+07  0.39977E+07  0.030
0.262185 0.262430    3.81    3.81    3816  0.25659E+04  0.29224E+04  0.16084E+15  0.39522E+02  0.10002E+03  0.43281E+07  0.42122E+07  0.006
0.262430 0.262675    3.81    3.81    2844  0.24969E+04  0.28631E+04  0.14450E+15 -0.26190E+02 -0.87949E+02  0.41625E+07  0.40348E+07  0.109
0.262675 0.262920    3.81    3.80    3192  0.24975E+04  0.28670E+04  0.15834E+15 -0.70398E+02 -0.93649E+02  0.41813E+07  0.40384E+07 -0.032
0.262920 0.263164    3.80    3.80    3108  0.26018E+04  0.29726E+04  0.16700E+15  0.52133E+02  0.69811E+02  0.44557E+07  0.43809E+07  0.070
0.263164 0.263409    3.80    3.80    2832  0.25230E+04  0.29312E+04  0.18318E+15 -0.36717E+02  0.13884E+03  0.41641E+07  0.44278E+07 -0.005
0.263409 0.263653    3.80    3.79    3381  0.24958E+04  0.28216E+04  0.13383E+15 -0.55743E+01  0.35174E+02  0.41210E+07  0.38402E+07 -0.024
0.263653 0.263897    3.79    3.79    3396  0.25090E+04  0.28819E+04  0.15496E+15 -0.47881E+02 -0.23141E+02  0.42958E+07  0.40094E+07  0.060
0.263897 0.264141    3.79    3.79    3240  0.26014E+04  0.29534E+04  0.16097E+15  0.22601E+03 -0.77867E+02  0.43223E+07  0.44004E+07  0.017
0.264141 0.264384    3.79    3.78    3096  0.24668E+04  0.28328E+04  0.14466E+15  0.30203E+01 -0.10911E+03  0.42269E+07  0.37981E+07 -0.062
0.264384 0.264628    3.78    3.78    3312  0.25044E+04  0.28514E+04  0.14576E+15 -0.10506E+03  0.10745E+03  0.43829E+07  0.37474E+07  0.081
0.264628 0.264871    3.78    3.78    3492  0.24884E+04  0.28547E+04  0.14052E+15 -0.11611E+03 -0.51950E+02  0.41741E+07  0.39753E+07 -0.013
0.264871 0.265114    3.78    3.77    3288  0.26191E+04  0.29945E+04  0.17300E+15  0.89952E+02 -0.33653E+02  0.45276E+07  0.44392E+07  0.042
0.265114 0.265356    3.77    3.77    2664  0.25195E+04  0.28789E+04  0.16231E+15 -0.12511E+03 -0.12732E+03  0.41308E+07  0.41570E+07  0.051
0.265356 0.265599    3.77    3.77    3564  0.25492E+04  0.28823E+04  0.14239E+15  0.35735E+02 -0.48955E+01  0.42940E+07  0.40134E+07 -0.024
0.265599 0.265841    3.77    3.76    3036  0.25561E+04  0.29182E+04  0.15865E+15  0.11076E+03 -0.40746E+01  0.42932E+07  0.42228E+07 -0.034
0.265841 0.266083    3.76    3.76    3432  0.25031E+04  0.28626E+04  0.14423E+15 -0.22121E+02 -0.92029E+02  0.39703E+07  0.42239E+07  0.057
0.266083 0.266325    3.76    3.75    2952  0.24079E+04  0.27716E+04  0.14421E+15 -0.73688E+02 -0.68896E+02  0.37105E+07  0.39713E+07 -0.027
0.266325 0.266566    3.75    3.75    3624  0.25553E+04  0.29262E+04  0.16061E+15  0.79206E+02  0.98990E+02  0.42257E+07  0.43370E+07  0.013
0.266566 0.266807    3.75    3.75    3183  0.25009E+04  0.28681E+04  0.16042E+15  0.66180E+01 -0.31233E+02  0.43324E+07  0.38938E+07 -0.025
0.266807 0.267048    3.75    3.74    3588  0.24524E+04  0.28254E+04  0.14664E+15  0.44139E+01 -0.18375E+02  0.39818E+07  0.40011E+07 -0.003
0.267048 0.267289    3.74    3.74    2680  0.25820E+04  0.29677E+04  0.17801E+15 -0.17248E+02 -0.24579E+02  0.45231E+07  0.42841E+07  0.082
0.267289 0.267530    3.74    3.74    3888  0.25308E+04  0.29188E+04  0.17318E+15  0.86997E+02  0.15722E+03  0.45576E+07  0.39620E+07 -0.064
0.267530 0.267770    3.74    3.73    2736  0.25652E+04  0.29277E+04  0.15826E+15 -0.21157E+03 -0.20454E+03  0.42465E+07  0.43250E+07 -0.024
0.267770 0.268011    3.73    3.73    3588  0.25246E+04  0.28743E+04  0.14606E+15 -0.67082E+02  0.10421E+03  0.40864E+07  0.41752E+07 -0.015
0.268011 0.268251    3.73    3.73    3078  0.24458E+04  0.27787E+04  0.12398E+15  0.43651E+02  0.75629E+02  0.38538E+07  0.38674E+07  0.027
0.268251 0.268490    3.73    3.72    3360  0.24910E+04  0.28416E+04  0.14507E+15 -0.56435E+02  0.18022E+02  0.39538E+07  0.41207E+07  0.023
0.268490 0.268730    3.72    3.72    3192  0.24996E+04  0.28550E+04  0.14714E+15 -0.29527E+02  0.51550E+01  0.38609E+07  0.42899E+07 -0.034
0.268730 0.268969    3.72    3.72    2940  0.25631E+04  0.28814E+04  0.13445E+15 -0.21613E+02  0.16493E+02  0.37371E+07  0.45655E+07  0.044
0.268969 0.269209    3.72    3.71    3612  0.25647E+04  0.29254E+04  0.15322E+15  0.56489E+02  0.66652E+02  0.44688E+07  0.40894E+07 -0.021
0.269209 0.269448    3.71    3.71    3480  0.25367E+04  0.28691E+04  0.14175E+15  0.13903E+03 -0.39486E+02  0.42943E+07  0.39374E+07 -0.008
0.269448 0.269686    3.71    3.71    3096  0.24903E+04  0.28447E+04  0.14109E+15  0.87709E+02 -0.40855E+02  0.41519E+07  0.39406E+07  0.046
0.269686 0.269925    3.71    3.70    2904  0.24796E+04  0.28279E+04  0.13712E+15 -0.65755E+02 -0.36559E+02  0.40642E+07  0.39327E+07  0.006
0.269925 0.270163    3.70    3.70    3255  0.25182E+04  0.28964E+04  0.16397E+15 -0.55457E+02  0.53699E+02  0.40626E+07  0.43267E+07  0.035
0.270163 0.270401    3.70    3.70    3084  0.25407E+04  0.28899E+04  0.14930E+15 -0.23064E+02  0.29823E+02  0.44061E+07  0.39453E+07  0.017
0.270401 0.270639    3.70    3.69    3768  0.24900E+04  0.28684E+04  0.15780E+15  0.14341E+03  0.57516E+02  0.42220E+07  0.40057E+07  0.014
0.270639 0.270877    3.69    3.69    3372  0.24840E+04  0.28580E+04  0.15467E+15 -0.76928E+02 -0.30099E+01  0.41617E+07  0.40065E+07  0.050
0.270877 0.271114    3.69    3.69    3600  0.24898E+04  0.28229E+04  0.12939E+15 -0.18254E+02 -0.10168E+03  0.41049E+07  0.38641E+07  0.004
0.271114 0.271352    3.69    3.69    3228  0.25845E+04  0.29403E+04  0.15986E+15 -0.65159E+02  0.19758E+02  0.42902E+07  0.43550E+07 -0.063
0.271352 0.271589    3.69    3.68    3096  0.24742E+04  0.28231E+04  0.14372E+15 -0.15500E+02 -0.66266E+02  0.41299E+07  0.38401E+07  0.093
0.271589 0.271825    3.68    3.68    3576  0.24913E+04  0.28316E+04  0.13936E+15  0.13579E+03  0.26648E+02  0.42631E+07  0.37549E+07  0.033
0.271825 0.272062    3.68    3.68    2952  0.25349E+04  0.28877E+04  0.15388E+15 -0.15957E+03 -0.11560E+02  0.41102E+07  0.42285E+07 -0.037
0.272062 0.272299    3.68    3.67    3348  0.25614E+04  0.29119E+04  0.15146E+15  0.80020E+02  0.12591E+02  0.44103E+07  0.40689E+07  0.042
0.272299 0.272535    3.67    3.67    3276  0.24802E+04  0.28727E+04  0.18432E+15 -0.92597E+02 -0.96878E+02  0.43064E+07  0.39458E+07  0.009
0.272535 0.272771    3.67    3.67    3106  0.24866E+04  0.28442E+04  0.13943E+15 -0.35273E+02  0.29886E+02  0.41510E+07  0.39386E+07 -0.004
0.272771 0.273007    3.67    3.66    3336  0.25283E+04  0.28957E+04  0.15698E+15  0.28413E+02 -0.27432E+02  0.42048E+07  0.41801E+07  0.072
0.273007 0.273242    3.66    3.66    3999  0.25062E+04  0.28722E+04  0.14926E+15 -0.19533E+01  0.80376E+00  0.40112E+07  0.42382E+07 -0.013
0.273242 0.273478    3.66    3.66    3060  0.24271E+04  0.27635E+04  0.12488E+15 -0.36395E+02 -0.22805E+02  0.38763E+07  0.37607E+07 -0.003
0.273478 0.273713    3.66    3.65    3624  0.25303E+04  0.28900E+04  0.15138E+15 -0.27464E+02 -0.48815E+02  0.43901E+07  0.39618E+07 -0.021
0.273713 0.273948    3.65    3.65    3204  0.24319E+04  0.28177E+04  0.15571E+15  0.10686E+03  0.21208E+02  0.38985E+07  0.40411E+07  0.028
0.273948 0.274183    3.65    3.65    2832  0.24520E+04  0.28152E+04  0.13568E+15 -0.74049E+02  0.80209E+01  0.40626E+07  0.38629E+07 -0.037
0.274183 0.274417    3.65    3.64    3660  0.24635E+04  0.28264E+04  0.14264E+15  0.14709E+01  0.77013E+02  0.39972E+07  0.39914E+07  0.067
0.274417 0.274652    3.64    3.64    3408  0.25062E+04  0.28953E+04  0.16320E+15 -0.25247E+02  0.23618E+02  0.42419E+07  0.41407E+07 -0.019
0.274652 0.274886    3.64    3.64    3408  0.24998E+04  0.28608E+04  0.15325E+15  0.11037E+01  0.43721E+02  0.42478E+07  0.39366E+07 -0.064
0.274886 0.275120    3.64    3.63    3372  0.24667E+04  0.28405E+04  0.14693E+15 -0.38810E+02 -0.27385E+02  0.41095E+07  0.39589E+07  0.015
0.275120 0.275354    3.63    3.63    3264  0.24270E+04  0.27814E+04  0.13025E+15  0.52286E+02  0.58253E+02  0.39449E+07  0.37915E+07 -0.020
0.275354 0.275587    3.63    3.63    3324  0.24400E+04  0.27931E+04  0.13371E+15 -0.29151E+02  0.12618E+02  0.39498E+07  0.38514E+07  0.041
0.275587 0.275821    3.63    3.63    3144  0.24344E+04  0.27758E+04  0.12700E+15  0.53520E+02 -0.32959E+02  0.35729E+07  0.41321E+07 -0.012
0.275821 0.276054    3.63    3.62    3516  0.24575E+04  0.28103E+04  0.13957E+15  0.14123E+03  0.30216E+02  0.40308E+07  0.38668E+07  0.012
0.276054 0.276287    3.62    3.62    2964  0.24623E+04  0.28255E+04  0.14794E+15  0.14851E+02  0.57465E+02  0.40428E+07  0.39404E+07 -0.026
0.276287 0.276520    3.62    3.62    3471  0.25037E+04  0.28371E+04  0.13496E+15  0.70008E+02 -0.25366E+02  0.40021E+07  0.40469E+07  0.044
0.276520 0.276753    3.62    3.61    3612  0.24234E+04  0.27674E+04  0.12469E+15 -0.16547E+02 -0.10204E+03  0.36180E+07  0.40403E+07  0.018
0.276753 0.276985    3.61    3.61    3360  0.25797E+04  0.29779E+04  0.18231E+15  0.15145E+02 -0.89336E+02  0.43237E+07  0.45442E+07 -0.011
0.276985 0.277217    3.61    3.61    3222  0.24545E+04  0.28215E+04  0.13381E+15 -0.27014E+02 -0.40418E+02  0.38408E+07  0.41198E+07  0.013
0.277217 0.277449    3.61    3.60    3756  0.24914E+04  0.28401E+04  0.13931E+15 -0.28313E+02  0.40395E+02  0.41458E+07  0.39203E+07  0.065
0.277449 0.277681    3.60    3.60    3708  0.24257E+04  0.27830E+04  0.13379E+15 -0.14633E+03  0.45209E+02  0.39954E+07  0.37499E+07  0.002
0.277681 0.277913    3.60    3.60    3000  0.24632E+04  0.28316E+04  0.14269E+15 -0.80147E+02 -0.37718E+01  0.39040E+07  0.41141E+07 -0.048
0.277913 0.278144    3.60    3.60    3228  0.25200E+04  0.28785E+04  0.15865E+15  0.23333E+02  0.26811E+02  0.39222E+07  0.43639E+07 -0.048
0.278144 0.278376    3.60    3.59    3400  0.24690E+04  0.28332E+04  0.15140E+15 -0.50643E+02 -0.91159E+02  0.41017E+07  0.39256E+07  0.020
0.278376 0.278607    3.59    3.59    3276  0.24692E+04  0.28004E+04  0.13467E+15  0.12320E+02  0.33416E+02  0.42363E+07  0.36058E+07 -0.016
0.278607 0.278837    3.59    3.59    3732  0.24820E+04  0.28451E+04  0.13930E+15  0.51741E+02  0.14069E+03  0.40832E+07  0.40115E+07 -0.092
0.278837 0.279068    3.59    3.58    3060  0.25270E+04  0.29030E+04  0.16504E+15 -0.11319E+02 -0.19828E+02  0.40314E+07  0.43961E+07 -0.072
0.279068 0.279299    3.58    3.58    3624  0.24277E+04  0.27551E+04  0.12665E+15  0.11983E+03  0.66750E+02  0.38356E+07  0.37548E+07 -0.021
0.279299 0.279529    3.58    3.58    3468  0.24428E+04  0.28213E+04  0.15057E+15  0.23427E+02 -0.20157E+02  0.40149E+07  0.39447E+07 -0.019
0.279529 0.279759    3.58    3.57    3399  0.23910E+04  0.27273E+04  0.11914E+15  0.63386E+02 -0.25412E+02  0.37601E+07  0.36780E+07  0.002
0.279759 0.279989    3.57    3.57    3204  0.24355E+04  0.27971E+04  0.13705E+15 -0.59090E+02 -0.64166E+02  0.40016E+07  0.38221E+07 -0.004
0.279989 0.280219    3.57    3.57    3660  0.24826E+04  0.28191E+04  0.13384E+15 -0.88882E+02  0.61759E+02  0.42405E+07  0.37070E+07 -0.037
0.280219 0.280448    3.57    3.57    3048  0.24502E+04  0.27991E+04  0.12953E+15  0.69158E+02 -0.41332E+02  0.38723E+07  0.39627E+07  0.066
0.280448 0.280678    3.57    3.56    4056  0.24533E+04  0.28132E+04  0.14124E+15  0.54804E+02 -0.12157E+03  0.38795E+07  0.40349E+07  0.020
0.280678 0.280907    3.56    3.56    3324  0.24622E+04  0.28173E+04  0.13737E+15 -0.15518E+02  0.55018E+02  0.38212E+07  0.41161E+07 -0.020
0.280907 0.281136    3.56    3.56    3648  0.24744E+04  0.28108E+04  0.14148E+15  0.16600E+02  0.92137E+01  0.38740E+07  0.40268E+07 -0.045
0.281136 0.281365    3.56    3.55    3024  0.24866E+04  0.28369E+04  0.15179E+15 -0.68158E+02 -0.82684E+02  0.37994E+07  0.42487E+07  0.053
0.281365 0.281593    3.55    3.55    3036  0.24245E+04  0.27713E+04  0.13167E+15 -0.70437E+02 -0.12590E+02  0.37748E+07  0.39054E+07  0.019
0.281593 0.281822    3.55    3.55    3858  0.24392E+04  0.27778E+04  0.13057E+15 -0.14202E+03  0.42008E+02  0.38481E+07  0.38683E+07 -0.040
0.281822 0.282050    3.55    3.55    2820  0.24892E+04  0.28423E+04  0.13789E+15 -0.53866E+02  0.94444E+02  0.40594E+07  0.40194E+07  0.011
0.282050 0.282278    3.55    3.54    3960  0.24197E+04  0.27498E+04  0.12237E+15  0.44468E+02 -0.23775E+02  0.40629E+07  0.34984E+07 -0.016
0.282278 0.282506    3.54    3.54    3036  0.24541E+04  0.28178E+04  0.14703E+15  0.37834E+02 -0.31507E+02  0.40113E+07  0.39289E+07 -0.005
0.282506 0.282734    3.54    3.54    3804  0.23968E+04  0.27485E+04  0.13192E+15 -0.39374E+02  0.29845E+02  0.35997E+07  0.39544E+07  0.030
0.282734 0.282961    3.54    3.53    3135  0.24205E+04  0.27908E+04  0.14536E+15  0.51198E+02 -0.81110E+02  0.41633E+07  0.36254E+07  0.014
0.282961 0.283189    3.53    3.53    4128  0.25278E+04  0.29018E+04  0.16241E+15  0.75729E+02  0.10386E+03  0.41352E+07  0.42853E+07  0.049
0.283189 0.283416    3.53    3.53    2856  0.24536E+04  0.28081E+04  0.13703E+15  0.20099E+01  0.12807E+03  0.39449E+07  0.39408E+07 -0.058
0.283416 0.283643    3.53    3.53    3756  0.22574E+04  0.26090E+04  0.10848E+15  0.92335E+02  0.92371E+02  0.35328E+07  0.32743E+07  0.036
0.283643 0.283870    3.53    3.52    3508  0.23683E+04  0.27488E+04  0.13698E+15  0.70674E+02 -0.12512E+03  0.38591E+07  0.36969E+07  0.016
0.283870 0.284096    3.52    3.52    3168  0.24665E+04  0.28519E+04  0.15280E+15 -0.26908E+02 -0.65937E+02  0.38998E+07  0.42335E+07 -0.001
0.284096 0.284323    3.52    3.52    3384  0.24585E+04  0.28166E+04  0.13874E+15  0.23514E+02 -0.78423E+02  0.39915E+07  0.39416E+07 -0.008
0.284323 0.284549    3.52    3.51    3804  0.24449E+04  0.28085E+04  0.13983E+15 -0.52457E+02  0.10703E+02  0.40320E+07  0.38557E+07  0.011
0.284549 0.284775    3.51    3.51    3648  0.25134E+04  0.28739E+04  0.14917E+15  0.10296E+02 -0.57491E+02  0.43140E+07  0.39454E+07 -0.021
0.284775 0.285001    3.51    3.51    3336  0.23551E+04  0.26735E+04  0.10610E+15 -0.35657E+02 -0.57244E+02  0.33782E+07  0.37691E+07 -0.024
0.285001 0.285227    3.51    3.51    3600  0.24526E+04  0.27823E+04  0.12887E+15 -0.11456E+03 -0.65159E+02  0.39305E+07  0.38106E+07  0.015
0.285227 0.285452    3.51    3.50    3468  0.24020E+04  0.27570E+04  0.13119E+15  0.56892E+02  0.70830E+02  0.38130E+07  0.37880E+07 -0.010
0.285452 0.285677    3.50    3.50    3192  0.24575E+04  0.27957E+04  0.12817E+15 -0.15895E+02  0.63060E+02  0.43264E+07  0.34897E+07 -0.033
0.285677 0.285903    3.50    3.50    3156  0.23243E+04  0.26557E+04  0.10914E+15  0.70818E+01  0.39040E+02  0.36088E+07  0.34441E+07  0.037
0.285903 0.286128    3.50    3.49    3171  0.23541E+04  0.27185E+04  0.13172E+15 -0.35088E+02 -0.99339E+02  0.37961E+07  0.35941E+07  0.015
0.286128 0.286352    3.49    3.49    4098  0.24196E+04  0.27603E+04  0.13219E+15  0.72913E+02 -0.23794E+02  0.36821E+07  0.39374E+07 -0.027
0.286352 0.286577    3.49    3.49    3576  0.23657E+04  0.27087E+04  0.12014E+15 -0.93048E+02 -0.40754E+02  0.35217E+07  0.38153E+07  0.041
0.286577 0.286802    3.49    3.49    3468  0.24445E+04  0.27727E+04  0.12754E+15 -0.30884E+02  0.11495E+03  0.39748E+07  0.37129E+07  0.041
0.286802 0.287026    3.49    3.48    3588  0.23769E+04  0.27312E+04  0.12766E+15  0.28043E+02  0.68144E+02  0.38558E+07  0.36034E+07  0.043
0.287026 0.287250    3.48    3.48    3588  0.23750E+04  0.27077E+04  0.11776E+15  0.16005E+02  0.11134E+03  0.37988E+07  0.35328E+07 -0.048
0.287250 0.287474    3.48    3.48    3264  0.24182E+04  0.27585E+04  0.12322E+15  0.74953E+02 -0.31741E+02  0.38547E+07  0.37543E+07  0.093
0.287474 0.287698    3.48    3.48    3420  0.24040E+04  0.27837E+04  0.14414E+15 -0.47259E+02  0.57867E+02  0.38609E+07  0.38879E+07 -0.001
0.287698 0.287921    3.48    3.47    4080  0.24422E+04  0.27777E+04  0.12218E+15  0.45280E+02 -0.87161E+02  0.38336E+07  0.38818E+07 -0.048
0.287921 0.288145    3.47    3.47    3024  0.24316E+04  0.27876E+04  0.12964E+15  0.27378E+02  0.74526E+02  0.38768E+07  0.38937E+07  0.071
0.288145 0.288368    3.47    3.47    3576  0.24103E+04  0.27993E+04  0.14465E+15 -0.35867E+02 -0.13049E+02  0.40970E+07  0.37389E+07 -0.008
0.288368 0.288591    3.47    3.47    2772  0.25143E+04  0.28809E+04  0.14922E+15  0.49123E+02 -0.90100E+02  0.42179E+07  0.40818E+07  0.056
0.288591 0.288814    3.47    3.46    3996  0.23545E+04  0.27384E+04  0.13301E+15 -0.81195E+02  0.93989E+00  0.38311E+07  0.36675E+07  0.014
0.288814 0.289037    3.46    3.46    3840  0.23211E+04  0.26607E+04  0.10920E+15  0.92835E+02  0.25925E+02  0.37433E+07  0.33360E+07  0.018
0.289037 0.289259    3.46    3.46    3483  0.23753E+04  0.27179E+04  0.12823E+15 -0.16556E+02 -0.36954E+02  0.34055E+07  0.39817E+07  0.017
0.289259 0.289482    3.46    3.45    3592  0.24671E+04  0.28056E+04  0.13494E+15  0.12503E+02 -0.14917E+02  0.40024E+07  0.38691E+07  0.016
0.289482 0.289704    3.45    3.45    3600  0.24996E+04  0.28449E+04  0.14351E+15 -0.95948E+02  0.52611E+02  0.41063E+07  0.39871E+07 -0.017
0.289704 0.289926    3.45    3.45    3252  0.24276E+04  0.27843E+04  0.13596E+15 -0.12076E+03 -0.41190E+02  0.38559E+07  0.38967E+07  0.028
0.289926 0.290148    3.45    3.45    3576  0.24380E+04  0.27900E+04  0.13096E+15 -0.43969E+01  0.19290E+02  0.39805E+07  0.38036E+07 -0.036
0.290148 0.290370    3.45    3.44    3852  0.23899E+04  0.27681E+04  0.14459E+15 -0.22911E+02  0.14259E+02  0.37819E+07  0.38803E+07  0.033
0.290370 0.290591    3.44    3.44    3084  0.24017E+04  0.27542E+04  0.13299E+15  0.15319E+01  0.39225E+02  0.37562E+07  0.38296E+07 -0.020
0.290591 0.290812    3.44    3.44    4488  0.24069E+04  0.27699E+04  0.13005E+15  0.13362E+03 -0.18750E+02  0.38653E+07  0.38071E+07 -0.029
0.290812 0.291034    3.44    3.44    3042  0.23585E+04  0.27218E+04  0.12707E+15 -0.50238E+02 -0.31169E+02  0.36434E+07  0.37649E+07 -0.007
0.291034 0.291255    3.44    3.43    3360  0.23704E+04  0.27106E+04  0.11899E+15  0.56127E+02  0.30346E+02  0.36119E+07  0.37357E+07  0.001
0.291255 0.291476    3.43    3.43    3672  0.23867E+04  0.27459E+04  0.13231E+15  0.73897E+02 -0.41162E+01  0.37734E+07  0.37665E+07  0.025
0.291476 0.291696    3.43    3.43    3060  0.24503E+04  0.27616E+04  0.11917E+15 -0.27250E+02 -0.24966E+02  0.38056E+07  0.38208E+07  0.029
0.291696 0.291917    3.43    3.43    4128  0.22878E+04  0.26407E+04  0.11663E+15  0.40723E+02 -0.47704E+02  0.35096E+07  0.34634E+07 -0.028
0.291917 0.292137    3.43    3.42    3408  0.24371E+04  0.27681E+04  0.11999E+15 -0.15970E+02 -0.88947E+02  0.39038E+07  0.37583E+07 -0.016
0.292137 0.292357    3.42    3.42    3576  0.24346E+04  0.27907E+04  0.13220E+15 -0.96320E+02 -0.60864E+02  0.39933E+07  0.37945E+07 -0.063
0.292357 0.292577    3.42    3.42    3027  0.23541E+04  0.27009E+04  0.11880E+15 -0.11067E+03  0.11335E+02  0.38553E+07  0.34397E+07  0.003
0.292577 0.292797    3.42    3.42    4368  0.23483E+04  0.27041E+04  0.11858E+15  0.36688E+02 -0.49576E+01  0.36681E+07  0.36442E+07 -0.045
0.292797 0.293017    3.42    3.41    2940  0.23315E+04  0.26637E+04  0.11051E+15  0.59324E+02 -0.10229E+02  0.36530E+07  0.34425E+07  0.013
0.293017 0.293237    3.41    3.41    3696  0.24077E+04  0.27686E+04  0.13187E+15  0.12335E+03  0.53002E+00  0.38614E+07  0.38036E+07  0.017
0.293237 0.293456    3.41    3.41    3804  0.23188E+04  0.26463E+04  0.10454E+15 -0.18525E+03  0.20636E+02  0.37272E+07  0.32756E+07  0.006
0.293456 0.293675    3.41    3.41    3300  0.23210E+04  0.26978E+04  0.13323E+15  0.17104E+03  0.75285E+02  0.37723E+07  0.35057E+07 -0.085
0.293675 0.293894    3.41    3.40    3876  0.23625E+04  0.27039E+04  0.12134E+15  0.14475E+02  0.17655E+02  0.37253E+07  0.35857E+07 -0.055
0.293894 0.294130    3.40    3.40    3708  0.23763E+04  0.27253E+04  0.12330E+15 -0.76298E+02 -0.33706E+01  0.40197E+07  0.34075E+07 -0.071
